# Number of Years
90
# First year
2010
# Number of ages
17
# Number of fleets
1
# Number of selectivity blocks
1
# Number of available indices
1
# M matrix
0.2	0.2	0.2	0.2	0.2	0.2	0.2	0.2	0.2	0.2	0.2	0.2	0.2	0.2	0.2	0.2	0.2
0.2	0.2	0.2	0.2	0.2	0.2	0.2	0.2	0.2	0.2	0.2	0.2	0.2	0.2	0.2	0.2	0.2
0.2	0.2	0.2	0.2	0.2	0.2	0.2	0.2	0.2	0.2	0.2	0.2	0.2	0.2	0.2	0.2	0.2
0.2	0.2	0.2	0.2	0.2	0.2	0.2	0.2	0.2	0.2	0.2	0.2	0.2	0.2	0.2	0.2	0.2
0.2	0.2	0.2	0.2	0.2	0.2	0.2	0.2	0.2	0.2	0.2	0.2	0.2	0.2	0.2	0.2	0.2
0.2	0.2	0.2	0.2	0.2	0.2	0.2	0.2	0.2	0.2	0.2	0.2	0.2	0.2	0.2	0.2	0.2
0.2	0.2	0.2	0.2	0.2	0.2	0.2	0.2	0.2	0.2	0.2	0.2	0.2	0.2	0.2	0.2	0.2
0.2	0.2	0.2	0.2	0.2	0.2	0.2	0.2	0.2	0.2	0.2	0.2	0.2	0.2	0.2	0.2	0.2
0.2	0.2	0.2	0.2	0.2	0.2	0.2	0.2	0.2	0.2	0.2	0.2	0.2	0.2	0.2	0.2	0.2
0.2	0.2	0.2	0.2	0.2	0.2	0.2	0.2	0.2	0.2	0.2	0.2	0.2	0.2	0.2	0.2	0.2
0.2	0.2	0.2	0.2	0.2	0.2	0.2	0.2	0.2	0.2	0.2	0.2	0.2	0.2	0.2	0.2	0.2
0.2	0.2	0.2	0.2	0.2	0.2	0.2	0.2	0.2	0.2	0.2	0.2	0.2	0.2	0.2	0.2	0.2
0.2	0.2	0.2	0.2	0.2	0.2	0.2	0.2	0.2	0.2	0.2	0.2	0.2	0.2	0.2	0.2	0.2
0.2	0.2	0.2	0.2	0.2	0.2	0.2	0.2	0.2	0.2	0.2	0.2	0.2	0.2	0.2	0.2	0.2
0.2	0.2	0.2	0.2	0.2	0.2	0.2	0.2	0.2	0.2	0.2	0.2	0.2	0.2	0.2	0.2	0.2
0.2	0.2	0.2	0.2	0.2	0.2	0.2	0.2	0.2	0.2	0.2	0.2	0.2	0.2	0.2	0.2	0.2
0.2	0.2	0.2	0.2	0.2	0.2	0.2	0.2	0.2	0.2	0.2	0.2	0.2	0.2	0.2	0.2	0.2
0.2	0.2	0.2	0.2	0.2	0.2	0.2	0.2	0.2	0.2	0.2	0.2	0.2	0.2	0.2	0.2	0.2
0.2	0.2	0.2	0.2	0.2	0.2	0.2	0.2	0.2	0.2	0.2	0.2	0.2	0.2	0.2	0.2	0.2
0.2	0.2	0.2	0.2	0.2	0.2	0.2	0.2	0.2	0.2	0.2	0.2	0.2	0.2	0.2	0.2	0.2
0.2	0.2	0.2	0.2	0.2	0.2	0.2	0.2	0.2	0.2	0.2	0.2	0.2	0.2	0.2	0.2	0.2
0.2	0.2	0.2	0.2	0.2	0.2	0.2	0.2	0.2	0.2	0.2	0.2	0.2	0.2	0.2	0.2	0.2
0.2	0.2	0.2	0.2	0.2	0.2	0.2	0.2	0.2	0.2	0.2	0.2	0.2	0.2	0.2	0.2	0.2
0.2	0.2	0.2	0.2	0.2	0.2	0.2	0.2	0.2	0.2	0.2	0.2	0.2	0.2	0.2	0.2	0.2
0.2	0.2	0.2	0.2	0.2	0.2	0.2	0.2	0.2	0.2	0.2	0.2	0.2	0.2	0.2	0.2	0.2
0.2	0.2	0.2	0.2	0.2	0.2	0.2	0.2	0.2	0.2	0.2	0.2	0.2	0.2	0.2	0.2	0.2
0.2	0.2	0.2	0.2	0.2	0.2	0.2	0.2	0.2	0.2	0.2	0.2	0.2	0.2	0.2	0.2	0.2
0.2	0.2	0.2	0.2	0.2	0.2	0.2	0.2	0.2	0.2	0.2	0.2	0.2	0.2	0.2	0.2	0.2
0.2	0.2	0.2	0.2	0.2	0.2	0.2	0.2	0.2	0.2	0.2	0.2	0.2	0.2	0.2	0.2	0.2
0.2	0.2	0.2	0.2	0.2	0.2	0.2	0.2	0.2	0.2	0.2	0.2	0.2	0.2	0.2	0.2	0.2
0.2	0.2	0.2	0.2	0.2	0.2	0.2	0.2	0.2	0.2	0.2	0.2	0.2	0.2	0.2	0.2	0.2
0.2	0.2	0.2	0.2	0.2	0.2	0.2	0.2	0.2	0.2	0.2	0.2	0.2	0.2	0.2	0.2	0.2
0.2	0.2	0.2	0.2	0.2	0.2	0.2	0.2	0.2	0.2	0.2	0.2	0.2	0.2	0.2	0.2	0.2
0.2	0.2	0.2	0.2	0.2	0.2	0.2	0.2	0.2	0.2	0.2	0.2	0.2	0.2	0.2	0.2	0.2
0.2	0.2	0.2	0.2	0.2	0.2	0.2	0.2	0.2	0.2	0.2	0.2	0.2	0.2	0.2	0.2	0.2
0.2	0.2	0.2	0.2	0.2	0.2	0.2	0.2	0.2	0.2	0.2	0.2	0.2	0.2	0.2	0.2	0.2
0.2	0.2	0.2	0.2	0.2	0.2	0.2	0.2	0.2	0.2	0.2	0.2	0.2	0.2	0.2	0.2	0.2
0.2	0.2	0.2	0.2	0.2	0.2	0.2	0.2	0.2	0.2	0.2	0.2	0.2	0.2	0.2	0.2	0.2
0.2	0.2	0.2	0.2	0.2	0.2	0.2	0.2	0.2	0.2	0.2	0.2	0.2	0.2	0.2	0.2	0.2
0.2	0.2	0.2	0.2	0.2	0.2	0.2	0.2	0.2	0.2	0.2	0.2	0.2	0.2	0.2	0.2	0.2
0.2	0.2	0.2	0.2	0.2	0.2	0.2	0.2	0.2	0.2	0.2	0.2	0.2	0.2	0.2	0.2	0.2
0.2	0.2	0.2	0.2	0.2	0.2	0.2	0.2	0.2	0.2	0.2	0.2	0.2	0.2	0.2	0.2	0.2
0.2	0.2	0.2	0.2	0.2	0.2	0.2	0.2	0.2	0.2	0.2	0.2	0.2	0.2	0.2	0.2	0.2
0.2	0.2	0.2	0.2	0.2	0.2	0.2	0.2	0.2	0.2	0.2	0.2	0.2	0.2	0.2	0.2	0.2
0.2	0.2	0.2	0.2	0.2	0.2	0.2	0.2	0.2	0.2	0.2	0.2	0.2	0.2	0.2	0.2	0.2
0.2	0.2	0.2	0.2	0.2	0.2	0.2	0.2	0.2	0.2	0.2	0.2	0.2	0.2	0.2	0.2	0.2
0.2	0.2	0.2	0.2	0.2	0.2	0.2	0.2	0.2	0.2	0.2	0.2	0.2	0.2	0.2	0.2	0.2
0.2	0.2	0.2	0.2	0.2	0.2	0.2	0.2	0.2	0.2	0.2	0.2	0.2	0.2	0.2	0.2	0.2
0.2	0.2	0.2	0.2	0.2	0.2	0.2	0.2	0.2	0.2	0.2	0.2	0.2	0.2	0.2	0.2	0.2
0.2	0.2	0.2	0.2	0.2	0.2	0.2	0.2	0.2	0.2	0.2	0.2	0.2	0.2	0.2	0.2	0.2
0.2	0.2	0.2	0.2	0.2	0.2	0.2	0.2	0.2	0.2	0.2	0.2	0.2	0.2	0.2	0.2	0.2
0.2	0.2	0.2	0.2	0.2	0.2	0.2	0.2	0.2	0.2	0.2	0.2	0.2	0.2	0.2	0.2	0.2
0.2	0.2	0.2	0.2	0.2	0.2	0.2	0.2	0.2	0.2	0.2	0.2	0.2	0.2	0.2	0.2	0.2
0.2	0.2	0.2	0.2	0.2	0.2	0.2	0.2	0.2	0.2	0.2	0.2	0.2	0.2	0.2	0.2	0.2
0.2	0.2	0.2	0.2	0.2	0.2	0.2	0.2	0.2	0.2	0.2	0.2	0.2	0.2	0.2	0.2	0.2
0.2	0.2	0.2	0.2	0.2	0.2	0.2	0.2	0.2	0.2	0.2	0.2	0.2	0.2	0.2	0.2	0.2
0.2	0.2	0.2	0.2	0.2	0.2	0.2	0.2	0.2	0.2	0.2	0.2	0.2	0.2	0.2	0.2	0.2
0.2	0.2	0.2	0.2	0.2	0.2	0.2	0.2	0.2	0.2	0.2	0.2	0.2	0.2	0.2	0.2	0.2
0.2	0.2	0.2	0.2	0.2	0.2	0.2	0.2	0.2	0.2	0.2	0.2	0.2	0.2	0.2	0.2	0.2
0.2	0.2	0.2	0.2	0.2	0.2	0.2	0.2	0.2	0.2	0.2	0.2	0.2	0.2	0.2	0.2	0.2
0.2	0.2	0.2	0.2	0.2	0.2	0.2	0.2	0.2	0.2	0.2	0.2	0.2	0.2	0.2	0.2	0.2
0.2	0.2	0.2	0.2	0.2	0.2	0.2	0.2	0.2	0.2	0.2	0.2	0.2	0.2	0.2	0.2	0.2
0.2	0.2	0.2	0.2	0.2	0.2	0.2	0.2	0.2	0.2	0.2	0.2	0.2	0.2	0.2	0.2	0.2
0.2	0.2	0.2	0.2	0.2	0.2	0.2	0.2	0.2	0.2	0.2	0.2	0.2	0.2	0.2	0.2	0.2
0.2	0.2	0.2	0.2	0.2	0.2	0.2	0.2	0.2	0.2	0.2	0.2	0.2	0.2	0.2	0.2	0.2
0.2	0.2	0.2	0.2	0.2	0.2	0.2	0.2	0.2	0.2	0.2	0.2	0.2	0.2	0.2	0.2	0.2
0.2	0.2	0.2	0.2	0.2	0.2	0.2	0.2	0.2	0.2	0.2	0.2	0.2	0.2	0.2	0.2	0.2
0.2	0.2	0.2	0.2	0.2	0.2	0.2	0.2	0.2	0.2	0.2	0.2	0.2	0.2	0.2	0.2	0.2
0.2	0.2	0.2	0.2	0.2	0.2	0.2	0.2	0.2	0.2	0.2	0.2	0.2	0.2	0.2	0.2	0.2
0.2	0.2	0.2	0.2	0.2	0.2	0.2	0.2	0.2	0.2	0.2	0.2	0.2	0.2	0.2	0.2	0.2
0.2	0.2	0.2	0.2	0.2	0.2	0.2	0.2	0.2	0.2	0.2	0.2	0.2	0.2	0.2	0.2	0.2
0.2	0.2	0.2	0.2	0.2	0.2	0.2	0.2	0.2	0.2	0.2	0.2	0.2	0.2	0.2	0.2	0.2
0.2	0.2	0.2	0.2	0.2	0.2	0.2	0.2	0.2	0.2	0.2	0.2	0.2	0.2	0.2	0.2	0.2
0.2	0.2	0.2	0.2	0.2	0.2	0.2	0.2	0.2	0.2	0.2	0.2	0.2	0.2	0.2	0.2	0.2
0.2	0.2	0.2	0.2	0.2	0.2	0.2	0.2	0.2	0.2	0.2	0.2	0.2	0.2	0.2	0.2	0.2
0.2	0.2	0.2	0.2	0.2	0.2	0.2	0.2	0.2	0.2	0.2	0.2	0.2	0.2	0.2	0.2	0.2
0.2	0.2	0.2	0.2	0.2	0.2	0.2	0.2	0.2	0.2	0.2	0.2	0.2	0.2	0.2	0.2	0.2
0.2	0.2	0.2	0.2	0.2	0.2	0.2	0.2	0.2	0.2	0.2	0.2	0.2	0.2	0.2	0.2	0.2
0.2	0.2	0.2	0.2	0.2	0.2	0.2	0.2	0.2	0.2	0.2	0.2	0.2	0.2	0.2	0.2	0.2
0.2	0.2	0.2	0.2	0.2	0.2	0.2	0.2	0.2	0.2	0.2	0.2	0.2	0.2	0.2	0.2	0.2
0.2	0.2	0.2	0.2	0.2	0.2	0.2	0.2	0.2	0.2	0.2	0.2	0.2	0.2	0.2	0.2	0.2
0.2	0.2	0.2	0.2	0.2	0.2	0.2	0.2	0.2	0.2	0.2	0.2	0.2	0.2	0.2	0.2	0.2
0.2	0.2	0.2	0.2	0.2	0.2	0.2	0.2	0.2	0.2	0.2	0.2	0.2	0.2	0.2	0.2	0.2
0.2	0.2	0.2	0.2	0.2	0.2	0.2	0.2	0.2	0.2	0.2	0.2	0.2	0.2	0.2	0.2	0.2
0.2	0.2	0.2	0.2	0.2	0.2	0.2	0.2	0.2	0.2	0.2	0.2	0.2	0.2	0.2	0.2	0.2
0.2	0.2	0.2	0.2	0.2	0.2	0.2	0.2	0.2	0.2	0.2	0.2	0.2	0.2	0.2	0.2	0.2
0.2	0.2	0.2	0.2	0.2	0.2	0.2	0.2	0.2	0.2	0.2	0.2	0.2	0.2	0.2	0.2	0.2
0.2	0.2	0.2	0.2	0.2	0.2	0.2	0.2	0.2	0.2	0.2	0.2	0.2	0.2	0.2	0.2	0.2
0.2	0.2	0.2	0.2	0.2	0.2	0.2	0.2	0.2	0.2	0.2	0.2	0.2	0.2	0.2	0.2	0.2
0.2	0.2	0.2	0.2	0.2	0.2	0.2	0.2	0.2	0.2	0.2	0.2	0.2	0.2	0.2	0.2	0.2
# Fecundity option
0
# Fraction of year elapsed before SSB calculation
0.4167
# MATURITY matrix
0.0072 0.4703 0.9817 0.9984 0.9968 0.9999 0.9999 0.9999 0.9999 0.9999 0.9999 0.9999 0.9999 0.9999 0.9999 0.9999 0.9999
0.0072 0.4703 0.9817 0.9984 0.9968 0.9999 0.9999 0.9999 0.9999 0.9999 0.9999 0.9999 0.9999 0.9999 0.9999 0.9999 0.9999
0.0072 0.4703 0.9817 0.9984 0.9968 0.9999 0.9999 0.9999 0.9999 0.9999 0.9999 0.9999 0.9999 0.9999 0.9999 0.9999 0.9999
0.0072 0.4703 0.9817 0.9984 0.9968 0.9999 0.9999 0.9999 0.9999 0.9999 0.9999 0.9999 0.9999 0.9999 0.9999 0.9999 0.9999
0.0072 0.4703 0.9817 0.9984 0.9968 0.9999 0.9999 0.9999 0.9999 0.9999 0.9999 0.9999 0.9999 0.9999 0.9999 0.9999 0.9999
0.0072 0.4703 0.9817 0.9984 0.9968 0.9999 0.9999 0.9999 0.9999 0.9999 0.9999 0.9999 0.9999 0.9999 0.9999 0.9999 0.9999
0.0072 0.4703 0.9817 0.9984 0.9968 0.9999 0.9999 0.9999 0.9999 0.9999 0.9999 0.9999 0.9999 0.9999 0.9999 0.9999 0.9999
0.0072 0.4703 0.9817 0.9984 0.9968 0.9999 0.9999 0.9999 0.9999 0.9999 0.9999 0.9999 0.9999 0.9999 0.9999 0.9999 0.9999
0.0072 0.4703 0.9817 0.9984 0.9968 0.9999 0.9999 0.9999 0.9999 0.9999 0.9999 0.9999 0.9999 0.9999 0.9999 0.9999 0.9999
0.0072 0.4703 0.9817 0.9984 0.9968 0.9999 0.9999 0.9999 0.9999 0.9999 0.9999 0.9999 0.9999 0.9999 0.9999 0.9999 0.9999
0.0072 0.4703 0.9817 0.9984 0.9968 0.9999 0.9999 0.9999 0.9999 0.9999 0.9999 0.9999 0.9999 0.9999 0.9999 0.9999 0.9999
0.0072 0.4703 0.9817 0.9984 0.9968 0.9999 0.9999 0.9999 0.9999 0.9999 0.9999 0.9999 0.9999 0.9999 0.9999 0.9999 0.9999
0.0072 0.4703 0.9817 0.9984 0.9968 0.9999 0.9999 0.9999 0.9999 0.9999 0.9999 0.9999 0.9999 0.9999 0.9999 0.9999 0.9999
0.0072 0.4703 0.9817 0.9984 0.9968 0.9999 0.9999 0.9999 0.9999 0.9999 0.9999 0.9999 0.9999 0.9999 0.9999 0.9999 0.9999
0.0072 0.4703 0.9817 0.9984 0.9968 0.9999 0.9999 0.9999 0.9999 0.9999 0.9999 0.9999 0.9999 0.9999 0.9999 0.9999 0.9999
0.0072 0.4703 0.9817 0.9984 0.9968 0.9999 0.9999 0.9999 0.9999 0.9999 0.9999 0.9999 0.9999 0.9999 0.9999 0.9999 0.9999
0.0072 0.4703 0.9817 0.9984 0.9968 0.9999 0.9999 0.9999 0.9999 0.9999 0.9999 0.9999 0.9999 0.9999 0.9999 0.9999 0.9999
0.0072 0.4703 0.9817 0.9984 0.9968 0.9999 0.9999 0.9999 0.9999 0.9999 0.9999 0.9999 0.9999 0.9999 0.9999 0.9999 0.9999
0.0072 0.4703 0.9817 0.9984 0.9968 0.9999 0.9999 0.9999 0.9999 0.9999 0.9999 0.9999 0.9999 0.9999 0.9999 0.9999 0.9999
0.0072 0.4703 0.9817 0.9984 0.9968 0.9999 0.9999 0.9999 0.9999 0.9999 0.9999 0.9999 0.9999 0.9999 0.9999 0.9999 0.9999
0.0072 0.4703 0.9817 0.9984 0.9968 0.9999 0.9999 0.9999 0.9999 0.9999 0.9999 0.9999 0.9999 0.9999 0.9999 0.9999 0.9999
0.0072 0.4703 0.9817 0.9984 0.9968 0.9999 0.9999 0.9999 0.9999 0.9999 0.9999 0.9999 0.9999 0.9999 0.9999 0.9999 0.9999
0.0072 0.4703 0.9817 0.9984 0.9968 0.9999 0.9999 0.9999 0.9999 0.9999 0.9999 0.9999 0.9999 0.9999 0.9999 0.9999 0.9999
0.0072 0.4703 0.9817 0.9984 0.9968 0.9999 0.9999 0.9999 0.9999 0.9999 0.9999 0.9999 0.9999 0.9999 0.9999 0.9999 0.9999
0.0072 0.4703 0.9817 0.9984 0.9968 0.9999 0.9999 0.9999 0.9999 0.9999 0.9999 0.9999 0.9999 0.9999 0.9999 0.9999 0.9999
0.0072 0.4703 0.9817 0.9984 0.9968 0.9999 0.9999 0.9999 0.9999 0.9999 0.9999 0.9999 0.9999 0.9999 0.9999 0.9999 0.9999
0.0072 0.4703 0.9817 0.9984 0.9968 0.9999 0.9999 0.9999 0.9999 0.9999 0.9999 0.9999 0.9999 0.9999 0.9999 0.9999 0.9999
0.0072 0.4703 0.9817 0.9984 0.9968 0.9999 0.9999 0.9999 0.9999 0.9999 0.9999 0.9999 0.9999 0.9999 0.9999 0.9999 0.9999
0.0072 0.4703 0.9817 0.9984 0.9968 0.9999 0.9999 0.9999 0.9999 0.9999 0.9999 0.9999 0.9999 0.9999 0.9999 0.9999 0.9999
0.0072 0.4703 0.9817 0.9984 0.9968 0.9999 0.9999 0.9999 0.9999 0.9999 0.9999 0.9999 0.9999 0.9999 0.9999 0.9999 0.9999
0.0072 0.4703 0.9817 0.9984 0.9968 0.9999 0.9999 0.9999 0.9999 0.9999 0.9999 0.9999 0.9999 0.9999 0.9999 0.9999 0.9999
0.0072 0.4703 0.9817 0.9984 0.9968 0.9999 0.9999 0.9999 0.9999 0.9999 0.9999 0.9999 0.9999 0.9999 0.9999 0.9999 0.9999
0.0072 0.4703 0.9817 0.9984 0.9968 0.9999 0.9999 0.9999 0.9999 0.9999 0.9999 0.9999 0.9999 0.9999 0.9999 0.9999 0.9999
0.0072 0.4703 0.9817 0.9984 0.9968 0.9999 0.9999 0.9999 0.9999 0.9999 0.9999 0.9999 0.9999 0.9999 0.9999 0.9999 0.9999
0.0072 0.4703 0.9817 0.9984 0.9968 0.9999 0.9999 0.9999 0.9999 0.9999 0.9999 0.9999 0.9999 0.9999 0.9999 0.9999 0.9999
0.0072 0.4703 0.9817 0.9984 0.9968 0.9999 0.9999 0.9999 0.9999 0.9999 0.9999 0.9999 0.9999 0.9999 0.9999 0.9999 0.9999
0.0072 0.4703 0.9817 0.9984 0.9968 0.9999 0.9999 0.9999 0.9999 0.9999 0.9999 0.9999 0.9999 0.9999 0.9999 0.9999 0.9999
0.0072 0.4703 0.9817 0.9984 0.9968 0.9999 0.9999 0.9999 0.9999 0.9999 0.9999 0.9999 0.9999 0.9999 0.9999 0.9999 0.9999
0.0072 0.4703 0.9817 0.9984 0.9968 0.9999 0.9999 0.9999 0.9999 0.9999 0.9999 0.9999 0.9999 0.9999 0.9999 0.9999 0.9999
0.0072 0.4703 0.9817 0.9984 0.9968 0.9999 0.9999 0.9999 0.9999 0.9999 0.9999 0.9999 0.9999 0.9999 0.9999 0.9999 0.9999
0.0072 0.4703 0.9817 0.9984 0.9968 0.9999 0.9999 0.9999 0.9999 0.9999 0.9999 0.9999 0.9999 0.9999 0.9999 0.9999 0.9999
0.0072 0.4703 0.9817 0.9984 0.9968 0.9999 0.9999 0.9999 0.9999 0.9999 0.9999 0.9999 0.9999 0.9999 0.9999 0.9999 0.9999
0.0072 0.4703 0.9817 0.9984 0.9968 0.9999 0.9999 0.9999 0.9999 0.9999 0.9999 0.9999 0.9999 0.9999 0.9999 0.9999 0.9999
0.0072 0.4703 0.9817 0.9984 0.9968 0.9999 0.9999 0.9999 0.9999 0.9999 0.9999 0.9999 0.9999 0.9999 0.9999 0.9999 0.9999
0.0072 0.4703 0.9817 0.9984 0.9968 0.9999 0.9999 0.9999 0.9999 0.9999 0.9999 0.9999 0.9999 0.9999 0.9999 0.9999 0.9999
0.0072 0.4703 0.9817 0.9984 0.9968 0.9999 0.9999 0.9999 0.9999 0.9999 0.9999 0.9999 0.9999 0.9999 0.9999 0.9999 0.9999
0.0072 0.4703 0.9817 0.9984 0.9968 0.9999 0.9999 0.9999 0.9999 0.9999 0.9999 0.9999 0.9999 0.9999 0.9999 0.9999 0.9999
0.0072 0.4703 0.9817 0.9984 0.9968 0.9999 0.9999 0.9999 0.9999 0.9999 0.9999 0.9999 0.9999 0.9999 0.9999 0.9999 0.9999
0.0072 0.4703 0.9817 0.9984 0.9968 0.9999 0.9999 0.9999 0.9999 0.9999 0.9999 0.9999 0.9999 0.9999 0.9999 0.9999 0.9999
0.0072 0.4703 0.9817 0.9984 0.9968 0.9999 0.9999 0.9999 0.9999 0.9999 0.9999 0.9999 0.9999 0.9999 0.9999 0.9999 0.9999
0.0072 0.4703 0.9817 0.9984 0.9968 0.9999 0.9999 0.9999 0.9999 0.9999 0.9999 0.9999 0.9999 0.9999 0.9999 0.9999 0.9999
0.0072 0.4703 0.9817 0.9984 0.9968 0.9999 0.9999 0.9999 0.9999 0.9999 0.9999 0.9999 0.9999 0.9999 0.9999 0.9999 0.9999
0.0072 0.4703 0.9817 0.9984 0.9968 0.9999 0.9999 0.9999 0.9999 0.9999 0.9999 0.9999 0.9999 0.9999 0.9999 0.9999 0.9999
0.0072 0.4703 0.9817 0.9984 0.9968 0.9999 0.9999 0.9999 0.9999 0.9999 0.9999 0.9999 0.9999 0.9999 0.9999 0.9999 0.9999
0.0072 0.4703 0.9817 0.9984 0.9968 0.9999 0.9999 0.9999 0.9999 0.9999 0.9999 0.9999 0.9999 0.9999 0.9999 0.9999 0.9999
0.0072 0.4703 0.9817 0.9984 0.9968 0.9999 0.9999 0.9999 0.9999 0.9999 0.9999 0.9999 0.9999 0.9999 0.9999 0.9999 0.9999
0.0072 0.4703 0.9817 0.9984 0.9968 0.9999 0.9999 0.9999 0.9999 0.9999 0.9999 0.9999 0.9999 0.9999 0.9999 0.9999 0.9999
0.0072 0.4703 0.9817 0.9984 0.9968 0.9999 0.9999 0.9999 0.9999 0.9999 0.9999 0.9999 0.9999 0.9999 0.9999 0.9999 0.9999
0.0072 0.4703 0.9817 0.9984 0.9968 0.9999 0.9999 0.9999 0.9999 0.9999 0.9999 0.9999 0.9999 0.9999 0.9999 0.9999 0.9999
0.0072 0.4703 0.9817 0.9984 0.9968 0.9999 0.9999 0.9999 0.9999 0.9999 0.9999 0.9999 0.9999 0.9999 0.9999 0.9999 0.9999
0.0072 0.4703 0.9817 0.9984 0.9968 0.9999 0.9999 0.9999 0.9999 0.9999 0.9999 0.9999 0.9999 0.9999 0.9999 0.9999 0.9999
0.0072 0.4703 0.9817 0.9984 0.9968 0.9999 0.9999 0.9999 0.9999 0.9999 0.9999 0.9999 0.9999 0.9999 0.9999 0.9999 0.9999
0.0072 0.4703 0.9817 0.9984 0.9968 0.9999 0.9999 0.9999 0.9999 0.9999 0.9999 0.9999 0.9999 0.9999 0.9999 0.9999 0.9999
0.0072 0.4703 0.9817 0.9984 0.9968 0.9999 0.9999 0.9999 0.9999 0.9999 0.9999 0.9999 0.9999 0.9999 0.9999 0.9999 0.9999
0.0072 0.4703 0.9817 0.9984 0.9968 0.9999 0.9999 0.9999 0.9999 0.9999 0.9999 0.9999 0.9999 0.9999 0.9999 0.9999 0.9999
0.0072 0.4703 0.9817 0.9984 0.9968 0.9999 0.9999 0.9999 0.9999 0.9999 0.9999 0.9999 0.9999 0.9999 0.9999 0.9999 0.9999
0.0072 0.4703 0.9817 0.9984 0.9968 0.9999 0.9999 0.9999 0.9999 0.9999 0.9999 0.9999 0.9999 0.9999 0.9999 0.9999 0.9999
0.0072 0.4703 0.9817 0.9984 0.9968 0.9999 0.9999 0.9999 0.9999 0.9999 0.9999 0.9999 0.9999 0.9999 0.9999 0.9999 0.9999
0.0072 0.4703 0.9817 0.9984 0.9968 0.9999 0.9999 0.9999 0.9999 0.9999 0.9999 0.9999 0.9999 0.9999 0.9999 0.9999 0.9999
0.0072 0.4703 0.9817 0.9984 0.9968 0.9999 0.9999 0.9999 0.9999 0.9999 0.9999 0.9999 0.9999 0.9999 0.9999 0.9999 0.9999
0.0072 0.4703 0.9817 0.9984 0.9968 0.9999 0.9999 0.9999 0.9999 0.9999 0.9999 0.9999 0.9999 0.9999 0.9999 0.9999 0.9999
0.0072 0.4703 0.9817 0.9984 0.9968 0.9999 0.9999 0.9999 0.9999 0.9999 0.9999 0.9999 0.9999 0.9999 0.9999 0.9999 0.9999
0.0072 0.4703 0.9817 0.9984 0.9968 0.9999 0.9999 0.9999 0.9999 0.9999 0.9999 0.9999 0.9999 0.9999 0.9999 0.9999 0.9999
0.0072 0.4703 0.9817 0.9984 0.9968 0.9999 0.9999 0.9999 0.9999 0.9999 0.9999 0.9999 0.9999 0.9999 0.9999 0.9999 0.9999
0.0072 0.4703 0.9817 0.9984 0.9968 0.9999 0.9999 0.9999 0.9999 0.9999 0.9999 0.9999 0.9999 0.9999 0.9999 0.9999 0.9999
0.0072 0.4703 0.9817 0.9984 0.9968 0.9999 0.9999 0.9999 0.9999 0.9999 0.9999 0.9999 0.9999 0.9999 0.9999 0.9999 0.9999
0.0072 0.4703 0.9817 0.9984 0.9968 0.9999 0.9999 0.9999 0.9999 0.9999 0.9999 0.9999 0.9999 0.9999 0.9999 0.9999 0.9999
0.0072 0.4703 0.9817 0.9984 0.9968 0.9999 0.9999 0.9999 0.9999 0.9999 0.9999 0.9999 0.9999 0.9999 0.9999 0.9999 0.9999
0.0072 0.4703 0.9817 0.9984 0.9968 0.9999 0.9999 0.9999 0.9999 0.9999 0.9999 0.9999 0.9999 0.9999 0.9999 0.9999 0.9999
0.0072 0.4703 0.9817 0.9984 0.9968 0.9999 0.9999 0.9999 0.9999 0.9999 0.9999 0.9999 0.9999 0.9999 0.9999 0.9999 0.9999
0.0072 0.4703 0.9817 0.9984 0.9968 0.9999 0.9999 0.9999 0.9999 0.9999 0.9999 0.9999 0.9999 0.9999 0.9999 0.9999 0.9999
0.0072 0.4703 0.9817 0.9984 0.9968 0.9999 0.9999 0.9999 0.9999 0.9999 0.9999 0.9999 0.9999 0.9999 0.9999 0.9999 0.9999
0.0072 0.4703 0.9817 0.9984 0.9968 0.9999 0.9999 0.9999 0.9999 0.9999 0.9999 0.9999 0.9999 0.9999 0.9999 0.9999 0.9999
0.0072 0.4703 0.9817 0.9984 0.9968 0.9999 0.9999 0.9999 0.9999 0.9999 0.9999 0.9999 0.9999 0.9999 0.9999 0.9999 0.9999
0.0072 0.4703 0.9817 0.9984 0.9968 0.9999 0.9999 0.9999 0.9999 0.9999 0.9999 0.9999 0.9999 0.9999 0.9999 0.9999 0.9999
0.0072 0.4703 0.9817 0.9984 0.9968 0.9999 0.9999 0.9999 0.9999 0.9999 0.9999 0.9999 0.9999 0.9999 0.9999 0.9999 0.9999
0.0072 0.4703 0.9817 0.9984 0.9968 0.9999 0.9999 0.9999 0.9999 0.9999 0.9999 0.9999 0.9999 0.9999 0.9999 0.9999 0.9999
0.0072 0.4703 0.9817 0.9984 0.9968 0.9999 0.9999 0.9999 0.9999 0.9999 0.9999 0.9999 0.9999 0.9999 0.9999 0.9999 0.9999
0.0072 0.4703 0.9817 0.9984 0.9968 0.9999 0.9999 0.9999 0.9999 0.9999 0.9999 0.9999 0.9999 0.9999 0.9999 0.9999 0.9999
0.0072 0.4703 0.9817 0.9984 0.9968 0.9999 0.9999 0.9999 0.9999 0.9999 0.9999 0.9999 0.9999 0.9999 0.9999 0.9999 0.9999
# Number of WAA matrices
2
# WAA matrix-1
0.21 0.296 0.348 0.374 0.382 0.428 0.428 0.428 0.428 0.428 0.428 0.428 0.428 0.428 0.428 0.428 0.428
0.428 0.428 0.428 0.428 0.428 0.428 0.428 0.428 0.428 0.428 0.428 0.428 0.428 0.428 0.428 0.428 0.428
0.428 0.428 0.428 0.428 0.428 0.203 0.203 0.203 0.203 0.203 0.203 0.203 0.203 0.203 0.203 0.203 0.203
0.308 0.352 0.396 0.439 0.457 0.457 0.457 0.457 0.457 0.457 0.457 0.457 0.457 0.457 0.457 0.457 0.457
0.457 0.457 0.457 0.457 0.457 0.457 0.457 0.457 0.457 0.457 0.457 0.457 0.457 0.457 0.457 0.457 0.457
0.457 0.457 0.457 0.457 0.218 0.289 0.289 0.289 0.289 0.289 0.289 0.289 0.289 0.289 0.289 0.289 0.289
0.376 0.432 0.435 0.481 0.481 0.481 0.481 0.481 0.481 0.481 0.481 0.481 0.481 0.481 0.481 0.481 0.481
0.481 0.481 0.481 0.481 0.481 0.481 0.481 0.481 0.481 0.481 0.481 0.481 0.481 0.481 0.481 0.481 0.481
0.481 0.481 0.481 0.228 0.303 0.408 0.408 0.408 0.408 0.408 0.408 0.408 0.408 0.408 0.408 0.408 0.408
0.498 0.499 0.557 0.557 0.557 0.557 0.557 0.557 0.557 0.557 0.557 0.557 0.557 0.557 0.557 0.557 0.557
0.557 0.557 0.557 0.557 0.557 0.557 0.557 0.557 0.557 0.557 0.557 0.557 0.557 0.557 0.557 0.557 0.557
0.557 0.557 0.215 0.283 0.381 0.504 0.504 0.504 0.504 0.504 0.504 0.504 0.504 0.504 0.504 0.504 0.504
0.513 0.542 0.542 0.542 0.542 0.542 0.542 0.542 0.542 0.542 0.542 0.542 0.542 0.542 0.542 0.542 0.542
0.542 0.542 0.542 0.542 0.542 0.542 0.542 0.542 0.542 0.542 0.542 0.542 0.542 0.542 0.542 0.542 0.542
0.542 0.234 0.292 0.383 0.536 0.662 0.662 0.662 0.662 0.662 0.662 0.662 0.662 0.662 0.662 0.662 0.662
0.656 0.656 0.656 0.656 0.656 0.656 0.656 0.656 0.656 0.656 0.656 0.656 0.656 0.656 0.656 0.656 0.656
0.656 0.656 0.656 0.656 0.656 0.656 0.656 0.656 0.656 0.656 0.656 0.656 0.656 0.656 0.656 0.656 0.656
0.189 0.301 0.364 0.475 0.59 0.662 0.662 0.662 0.662 0.662 0.662 0.662 0.662 0.662 0.662 0.662 0.662
0.662 0.662 0.662 0.662 0.662 0.662 0.662 0.662 0.662 0.662 0.662 0.662 0.662 0.662 0.662 0.662 0.662
0.662 0.662 0.662 0.662 0.662 0.206 0.206 0.206 0.206 0.206 0.206 0.206 0.206 0.206 0.206 0.206 0.206
0.281 0.384 0.5 0.682 0.925 0.925 0.925 0.925 0.925 0.925 0.925 0.925 0.925 0.925 0.925 0.925 0.925
0.925 0.925 0.925 0.925 0.925 0.925 0.925 0.925 0.925 0.925 0.925 0.925 0.925 0.925 0.925 0.925 0.925
0.925 0.925 0.925 0.925 0.14 0.262 0.262 0.262 0.262 0.262 0.262 0.262 0.262 0.262 0.262 0.262 0.262
0.342 0.474 0.596 0.65 0.65 0.65 0.65 0.65 0.65 0.65 0.65 0.65 0.65 0.65 0.65 0.65 0.65
0.65 0.65 0.65 0.65 0.65 0.65 0.65 0.65 0.65 0.65 0.65 0.65 0.65 0.65 0.65 0.65 0.65
0.65 0.65 0.65 0.226 0.263 0.353 0.353 0.353 0.353 0.353 0.353 0.353 0.353 0.353 0.353 0.353 0.353
0.499 0.66 0.833 0.833 0.833 0.833 0.833 0.833 0.833 0.833 0.833 0.833 0.833 0.833 0.833 0.833 0.833
0.833 0.833 0.833 0.833 0.833 0.833 0.833 0.833 0.833 0.833 0.833 0.833 0.833 0.833 0.833 0.833 0.833
0.833 0.833 0.175 0.261 0.339 0.496 0.496 0.496 0.496 0.496 0.496 0.496 0.496 0.496 0.496 0.496 0.496
0.668 0.819 0.819 0.819 0.819 0.819 0.819 0.819 0.819 0.819 0.819 0.819 0.819 0.819 0.819 0.819 0.819
0.819 0.819 0.819 0.819 0.819 0.819 0.819 0.819 0.819 0.819 0.819 0.819 0.819 0.819 0.819 0.819 0.819
0.819 0.182 0.237 0.295 0.388 0.487 0.487 0.487 0.487 0.487 0.487 0.487 0.487 0.487 0.487 0.487 0.487
0.656 0.656 0.656 0.656 0.656 0.656 0.656 0.656 0.656 0.656 0.656 0.656 0.656 0.656 0.656 0.656 0.656
0.656 0.656 0.656 0.656 0.656 0.656 0.656 0.656 0.656 0.656 0.656 0.656 0.656 0.656 0.656 0.656 0.656
0.183 0.26 0.365 0.408 0.504 0.608 0.608 0.608 0.608 0.608 0.608 0.608 0.608 0.608 0.608 0.608 0.608
0.608 0.608 0.608 0.608 0.608 0.608 0.608 0.608 0.608 0.608 0.608 0.608 0.608 0.608 0.608 0.608 0.608
0.608 0.608 0.608 0.608 0.608 0.186 0.186 0.186 0.186 0.186 0.186 0.186 0.186 0.186 0.186 0.186 0.186
0.284 0.331 0.463 0.587 0.642 0.642 0.642 0.642 0.642 0.642 0.642 0.642 0.642 0.642 0.642 0.642 0.642
0.642 0.642 0.642 0.642 0.642 0.642 0.642 0.642 0.642 0.642 0.642 0.642 0.642 0.642 0.642 0.642 0.642
0.642 0.642 0.642 0.642 0.247 0.268 0.268 0.268 0.268 0.268 0.268 0.268 0.268 0.268 0.268 0.268 0.268
0.353 0.404 0.52 0.631 0.631 0.631 0.631 0.631 0.631 0.631 0.631 0.631 0.631 0.631 0.631 0.631 0.631
0.631 0.631 0.631 0.631 0.631 0.631 0.631 0.631 0.631 0.631 0.631 0.631 0.631 0.631 0.631 0.631 0.631
0.631 0.631 0.631 0.27 0.293 0.396 0.396 0.396 0.396 0.396 0.396 0.396 0.396 0.396 0.396 0.396 0.396
0.493 0.611 0.821 0.821 0.821 0.821 0.821 0.821 0.821 0.821 0.821 0.821 0.821 0.821 0.821 0.821 0.821
0.821 0.821 0.821 0.821 0.821 0.821 0.821 0.821 0.821 0.821 0.821 0.821 0.821 0.821 0.821 0.821 0.821
0.821 0.821 0.061 0.216 0.275 0.489 0.489 0.489 0.489 0.489 0.489 0.489 0.489 0.489 0.489 0.489 0.489
0.735 0.957 0.957 0.957 0.957 0.957 0.957 0.957 0.957 0.957 0.957 0.957 0.957 0.957 0.957 0.957 0.957
0.957 0.957 0.957 0.957 0.957 0.957 0.957 0.957 0.957 0.957 0.957 0.957 0.957 0.957 0.957 0.957 0.957
0.957 0.204 0.255 0.29 0.366 0.613 0.613 0.613 0.613 0.613 0.613 0.613 0.613 0.613 0.613 0.613 0.613
0.884 0.884 0.884 0.884 0.884 0.884 0.884 0.884 0.884 0.884 0.884 0.884 0.884 0.884 0.884 0.884 0.884
0.884 0.884 0.884 0.884 0.884 0.884 0.884 0.884 0.884 0.884 0.884 0.884 0.884 0.884 0.884 0.884 0.884
0.09 0.214 0.294 0.378 0.664 0.798 0.798 0.798 0.798 0.798 0.798 0.798 0.798 0.798 0.798 0.798 0.798
0.798 0.798 0.798 0.798 0.798 0.798 0.798 0.798 0.798 0.798 0.798 0.798 0.798 0.798 0.798 0.798 0.798
0.798 0.798 0.798 0.798 0.798 0.11 0.11 0.11 0.11 0.11 0.11 0.11 0.11 0.11 0.11 0.11 0.11
0.303 0.375 0.447 0.631 0.918 0.918 0.918 0.918 0.918 0.918 0.918 0.918 0.918 0.918 0.918 0.918 0.918
0.918 0.918 0.918 0.918 0.918 0.918 0.918 0.918 0.918 0.918 0.918 0.918 0.918 0.918 0.918 0.918 0.918
0.918 0.918 0.918 0.918 0.122 0.314 0.314 0.314 0.314 0.314 0.314 0.314 0.314 0.314 0.314 0.314 0.314
0.42 0.439 0.64 1.04 1.04 1.04 1.04 1.04 1.04 1.04 1.04 1.04 1.04 1.04 1.04 1.04 1.04
1.04 1.04 1.04 1.04 1.04 1.04 1.04 1.04 1.04 1.04 1.04 1.04 1.04 1.04 1.04 1.04 1.04
1.04 1.04 1.04 0.078 0.247 0.321 0.321 0.321 0.321 0.321 0.321 0.321 0.321 0.321 0.321 0.321 0.321
0.387 0.48 0.622 0.622 0.622 0.622 0.622 0.622 0.622 0.622 0.622 0.622 0.622 0.622 0.622 0.622 0.622
0.622 0.622 0.622 0.622 0.622 0.622 0.622 0.622 0.622 0.622 0.622 0.622 0.622 0.622 0.622 0.622 0.622
0.622 0.622 0.076 0.216 0.325 0.401 0.401 0.401 0.401 0.401 0.401 0.401 0.401 0.401 0.401 0.401 0.401
0.579 0.758 0.758 0.758 0.758 0.758 0.758 0.758 0.758 0.758 0.758 0.758 0.758 0.758 0.758 0.758 0.758
0.758 0.758 0.758 0.758 0.758 0.758 0.758 0.758 0.758 0.758 0.758 0.758 0.758 0.758 0.758 0.758 0.758
0.758 0.102 0.335 0.368 0.457 0.604 0.604 0.604 0.604 0.604 0.604 0.604 0.604 0.604 0.604 0.604 0.604
0.74 0.74 0.74 0.74 0.74 0.74 0.74 0.74 0.74 0.74 0.74 0.74 0.74 0.74 0.74 0.74 0.74
0.74 0.74 0.74 0.74 0.74 0.74 0.74 0.74 0.74 0.74 0.74 0.74 0.74 0.74 0.74 0.74 0.74
0.139 0.251 0.396 0.466 0.584 0.768 0.768 0.768 0.768 0.768 0.768 0.768 0.768 0.768 0.768 0.768 0.768
0.768 0.768 0.768 0.768 0.768 0.768 0.768 0.768 0.768 0.768 0.768 0.768 0.768 0.768 0.768 0.768 0.768
0.768 0.768 0.768 0.768 0.768 0.16 0.16 0.16 0.16 0.16 0.16 0.16 0.16 0.16 0.16 0.16 0.16
0.287 0.367 0.494 0.567 0.726 0.726 0.726 0.726 0.726 0.726 0.726 0.726 0.726 0.726 0.726 0.726 0.726
0.726 0.726 0.726 0.726 0.726 0.726 0.726 0.726 0.726 0.726 0.726 0.726 0.726 0.726 0.726 0.726 0.726
0.726 0.726 0.726 0.726 0.131 0.309 0.309 0.309 0.309 0.309 0.309 0.309 0.309 0.309 0.309 0.309 0.309
0.4 0.557 0.629 1.695 1.695 1.695 1.695 1.695 1.695 1.695 1.695 1.695 1.695 1.695 1.695 1.695 1.695
1.695 1.695 1.695 1.695 1.695 1.695 1.695 1.695 1.695 1.695 1.695 1.695 1.695 1.695 1.695 1.695 1.695
1.695 1.695 1.695 0.185 0.321 0.444 0.444 0.444 0.444 0.444 0.444 0.444 0.444 0.444 0.444 0.444 0.444
0.561 0.667 0.752 0.752 0.752 0.752 0.752 0.752 0.752 0.752 0.752 0.752 0.752 0.752 0.752 0.752 0.752
0.752 0.752 0.752 0.752 0.752 0.752 0.752 0.752 0.752 0.752 0.752 0.752 0.752 0.752 0.752 0.752 0.752
0.752 0.752 0.145 0.36 0.419 0.567 0.567 0.567 0.567 0.567 0.567 0.567 0.567 0.567 0.567 0.567 0.567
0.684 0.824 0.824 0.824 0.824 0.824 0.824 0.824 0.824 0.824 0.824 0.824 0.824 0.824 0.824 0.824 0.824
0.824 0.824 0.824 0.824 0.824 0.824 0.824 0.824 0.824 0.824 0.824 0.824 0.824 0.824 0.824 0.824 0.824
0.824 0.164 0.33 0.438 0.574 0.764 0.764 0.764 0.764 0.764 0.764 0.764 0.764 0.764 0.764 0.764 0.764
0.751 0.751 0.751 0.751 0.751 0.751 0.751 0.751 0.751 0.751 0.751 0.751 0.751 0.751 0.751 0.751 0.751
0.751 0.751 0.751 0.751 0.751 0.751 0.751 0.751 0.751 0.751 0.751 0.751 0.751 0.751 0.751 0.751 0.751
0.095 0.313 0.413 0.572 0.722 0.945 0.945 0.945 0.945 0.945 0.945 0.945 0.945 0.945 0.945 0.945 0.945
0.945 0.945 0.945 0.945 0.945 0.945 0.945 0.945 0.945 0.945 0.945 0.945 0.945 0.945 0.945 0.945 0.945
0.945 0.945 0.945 0.945 0.945 0.136 0.136 0.136 0.136 0.136 0.136 0.136 0.136 0.136 0.136 0.136 0.136
0.295 0.436 0.54 0.581 0.799 0.799 0.799 0.799 0.799 0.799 0.799 0.799 0.799 0.799 0.799 0.799 0.799
0.799 0.799 0.799 0.799 0.799 0.799 0.799 0.799 0.799 0.799 0.799 0.799 0.799 0.799 0.799 0.799 0.799
# WAA matrix-2
0.21 0.296 0.348 0.374 0.382 0.428 0.428 0.428 0.428 0.428 0.428 0.428 0.428 0.428 0.428 0.428 0.428
0.428 0.428 0.428 0.428 0.428 0.428 0.428 0.428 0.428 0.428 0.428 0.428 0.428 0.428 0.428 0.428 0.428
0.428 0.428 0.428 0.428 0.428 0.203 0.203 0.203 0.203 0.203 0.203 0.203 0.203 0.203 0.203 0.203 0.203
0.308 0.352 0.396 0.439 0.457 0.457 0.457 0.457 0.457 0.457 0.457 0.457 0.457 0.457 0.457 0.457 0.457
0.457 0.457 0.457 0.457 0.457 0.457 0.457 0.457 0.457 0.457 0.457 0.457 0.457 0.457 0.457 0.457 0.457
0.457 0.457 0.457 0.457 0.218 0.289 0.289 0.289 0.289 0.289 0.289 0.289 0.289 0.289 0.289 0.289 0.289
0.376 0.432 0.435 0.481 0.481 0.481 0.481 0.481 0.481 0.481 0.481 0.481 0.481 0.481 0.481 0.481 0.481
0.481 0.481 0.481 0.481 0.481 0.481 0.481 0.481 0.481 0.481 0.481 0.481 0.481 0.481 0.481 0.481 0.481
0.481 0.481 0.481 0.228 0.303 0.408 0.408 0.408 0.408 0.408 0.408 0.408 0.408 0.408 0.408 0.408 0.408
0.498 0.499 0.557 0.557 0.557 0.557 0.557 0.557 0.557 0.557 0.557 0.557 0.557 0.557 0.557 0.557 0.557
0.557 0.557 0.557 0.557 0.557 0.557 0.557 0.557 0.557 0.557 0.557 0.557 0.557 0.557 0.557 0.557 0.557
0.557 0.557 0.215 0.283 0.381 0.504 0.504 0.504 0.504 0.504 0.504 0.504 0.504 0.504 0.504 0.504 0.504
0.513 0.542 0.542 0.542 0.542 0.542 0.542 0.542 0.542 0.542 0.542 0.542 0.542 0.542 0.542 0.542 0.542
0.542 0.542 0.542 0.542 0.542 0.542 0.542 0.542 0.542 0.542 0.542 0.542 0.542 0.542 0.542 0.542 0.542
0.542 0.234 0.292 0.383 0.536 0.662 0.662 0.662 0.662 0.662 0.662 0.662 0.662 0.662 0.662 0.662 0.662
0.656 0.656 0.656 0.656 0.656 0.656 0.656 0.656 0.656 0.656 0.656 0.656 0.656 0.656 0.656 0.656 0.656
0.656 0.656 0.656 0.656 0.656 0.656 0.656 0.656 0.656 0.656 0.656 0.656 0.656 0.656 0.656 0.656 0.656
0.189 0.301 0.364 0.475 0.59 0.662 0.662 0.662 0.662 0.662 0.662 0.662 0.662 0.662 0.662 0.662 0.662
0.662 0.662 0.662 0.662 0.662 0.662 0.662 0.662 0.662 0.662 0.662 0.662 0.662 0.662 0.662 0.662 0.662
0.662 0.662 0.662 0.662 0.662 0.206 0.206 0.206 0.206 0.206 0.206 0.206 0.206 0.206 0.206 0.206 0.206
0.281 0.384 0.5 0.682 0.925 0.925 0.925 0.925 0.925 0.925 0.925 0.925 0.925 0.925 0.925 0.925 0.925
0.925 0.925 0.925 0.925 0.925 0.925 0.925 0.925 0.925 0.925 0.925 0.925 0.925 0.925 0.925 0.925 0.925
0.925 0.925 0.925 0.925 0.14 0.262 0.262 0.262 0.262 0.262 0.262 0.262 0.262 0.262 0.262 0.262 0.262
0.342 0.474 0.596 0.65 0.65 0.65 0.65 0.65 0.65 0.65 0.65 0.65 0.65 0.65 0.65 0.65 0.65
0.65 0.65 0.65 0.65 0.65 0.65 0.65 0.65 0.65 0.65 0.65 0.65 0.65 0.65 0.65 0.65 0.65
0.65 0.65 0.65 0.226 0.263 0.353 0.353 0.353 0.353 0.353 0.353 0.353 0.353 0.353 0.353 0.353 0.353
0.499 0.66 0.833 0.833 0.833 0.833 0.833 0.833 0.833 0.833 0.833 0.833 0.833 0.833 0.833 0.833 0.833
0.833 0.833 0.833 0.833 0.833 0.833 0.833 0.833 0.833 0.833 0.833 0.833 0.833 0.833 0.833 0.833 0.833
0.833 0.833 0.175 0.261 0.339 0.496 0.496 0.496 0.496 0.496 0.496 0.496 0.496 0.496 0.496 0.496 0.496
0.668 0.819 0.819 0.819 0.819 0.819 0.819 0.819 0.819 0.819 0.819 0.819 0.819 0.819 0.819 0.819 0.819
0.819 0.819 0.819 0.819 0.819 0.819 0.819 0.819 0.819 0.819 0.819 0.819 0.819 0.819 0.819 0.819 0.819
0.819 0.182 0.237 0.295 0.388 0.487 0.487 0.487 0.487 0.487 0.487 0.487 0.487 0.487 0.487 0.487 0.487
0.656 0.656 0.656 0.656 0.656 0.656 0.656 0.656 0.656 0.656 0.656 0.656 0.656 0.656 0.656 0.656 0.656
0.656 0.656 0.656 0.656 0.656 0.656 0.656 0.656 0.656 0.656 0.656 0.656 0.656 0.656 0.656 0.656 0.656
0.183 0.26 0.365 0.408 0.504 0.608 0.608 0.608 0.608 0.608 0.608 0.608 0.608 0.608 0.608 0.608 0.608
0.608 0.608 0.608 0.608 0.608 0.608 0.608 0.608 0.608 0.608 0.608 0.608 0.608 0.608 0.608 0.608 0.608
0.608 0.608 0.608 0.608 0.608 0.186 0.186 0.186 0.186 0.186 0.186 0.186 0.186 0.186 0.186 0.186 0.186
0.284 0.331 0.463 0.587 0.642 0.642 0.642 0.642 0.642 0.642 0.642 0.642 0.642 0.642 0.642 0.642 0.642
0.642 0.642 0.642 0.642 0.642 0.642 0.642 0.642 0.642 0.642 0.642 0.642 0.642 0.642 0.642 0.642 0.642
0.642 0.642 0.642 0.642 0.247 0.268 0.268 0.268 0.268 0.268 0.268 0.268 0.268 0.268 0.268 0.268 0.268
0.353 0.404 0.52 0.631 0.631 0.631 0.631 0.631 0.631 0.631 0.631 0.631 0.631 0.631 0.631 0.631 0.631
0.631 0.631 0.631 0.631 0.631 0.631 0.631 0.631 0.631 0.631 0.631 0.631 0.631 0.631 0.631 0.631 0.631
0.631 0.631 0.631 0.27 0.293 0.396 0.396 0.396 0.396 0.396 0.396 0.396 0.396 0.396 0.396 0.396 0.396
0.493 0.611 0.821 0.821 0.821 0.821 0.821 0.821 0.821 0.821 0.821 0.821 0.821 0.821 0.821 0.821 0.821
0.821 0.821 0.821 0.821 0.821 0.821 0.821 0.821 0.821 0.821 0.821 0.821 0.821 0.821 0.821 0.821 0.821
0.821 0.821 0.061 0.216 0.275 0.489 0.489 0.489 0.489 0.489 0.489 0.489 0.489 0.489 0.489 0.489 0.489
0.735 0.957 0.957 0.957 0.957 0.957 0.957 0.957 0.957 0.957 0.957 0.957 0.957 0.957 0.957 0.957 0.957
0.957 0.957 0.957 0.957 0.957 0.957 0.957 0.957 0.957 0.957 0.957 0.957 0.957 0.957 0.957 0.957 0.957
0.957 0.204 0.255 0.29 0.366 0.613 0.613 0.613 0.613 0.613 0.613 0.613 0.613 0.613 0.613 0.613 0.613
0.884 0.884 0.884 0.884 0.884 0.884 0.884 0.884 0.884 0.884 0.884 0.884 0.884 0.884 0.884 0.884 0.884
0.884 0.884 0.884 0.884 0.884 0.884 0.884 0.884 0.884 0.884 0.884 0.884 0.884 0.884 0.884 0.884 0.884
0.09 0.214 0.294 0.378 0.664 0.798 0.798 0.798 0.798 0.798 0.798 0.798 0.798 0.798 0.798 0.798 0.798
0.798 0.798 0.798 0.798 0.798 0.798 0.798 0.798 0.798 0.798 0.798 0.798 0.798 0.798 0.798 0.798 0.798
0.798 0.798 0.798 0.798 0.798 0.11 0.11 0.11 0.11 0.11 0.11 0.11 0.11 0.11 0.11 0.11 0.11
0.303 0.375 0.447 0.631 0.918 0.918 0.918 0.918 0.918 0.918 0.918 0.918 0.918 0.918 0.918 0.918 0.918
0.918 0.918 0.918 0.918 0.918 0.918 0.918 0.918 0.918 0.918 0.918 0.918 0.918 0.918 0.918 0.918 0.918
0.918 0.918 0.918 0.918 0.122 0.314 0.314 0.314 0.314 0.314 0.314 0.314 0.314 0.314 0.314 0.314 0.314
0.42 0.439 0.64 1.04 1.04 1.04 1.04 1.04 1.04 1.04 1.04 1.04 1.04 1.04 1.04 1.04 1.04
1.04 1.04 1.04 1.04 1.04 1.04 1.04 1.04 1.04 1.04 1.04 1.04 1.04 1.04 1.04 1.04 1.04
1.04 1.04 1.04 0.078 0.247 0.321 0.321 0.321 0.321 0.321 0.321 0.321 0.321 0.321 0.321 0.321 0.321
0.387 0.48 0.622 0.622 0.622 0.622 0.622 0.622 0.622 0.622 0.622 0.622 0.622 0.622 0.622 0.622 0.622
0.622 0.622 0.622 0.622 0.622 0.622 0.622 0.622 0.622 0.622 0.622 0.622 0.622 0.622 0.622 0.622 0.622
0.622 0.622 0.076 0.216 0.325 0.401 0.401 0.401 0.401 0.401 0.401 0.401 0.401 0.401 0.401 0.401 0.401
0.579 0.758 0.758 0.758 0.758 0.758 0.758 0.758 0.758 0.758 0.758 0.758 0.758 0.758 0.758 0.758 0.758
0.758 0.758 0.758 0.758 0.758 0.758 0.758 0.758 0.758 0.758 0.758 0.758 0.758 0.758 0.758 0.758 0.758
0.758 0.102 0.335 0.368 0.457 0.604 0.604 0.604 0.604 0.604 0.604 0.604 0.604 0.604 0.604 0.604 0.604
0.74 0.74 0.74 0.74 0.74 0.74 0.74 0.74 0.74 0.74 0.74 0.74 0.74 0.74 0.74 0.74 0.74
0.74 0.74 0.74 0.74 0.74 0.74 0.74 0.74 0.74 0.74 0.74 0.74 0.74 0.74 0.74 0.74 0.74
0.139 0.251 0.396 0.466 0.584 0.768 0.768 0.768 0.768 0.768 0.768 0.768 0.768 0.768 0.768 0.768 0.768
0.768 0.768 0.768 0.768 0.768 0.768 0.768 0.768 0.768 0.768 0.768 0.768 0.768 0.768 0.768 0.768 0.768
0.768 0.768 0.768 0.768 0.768 0.16 0.16 0.16 0.16 0.16 0.16 0.16 0.16 0.16 0.16 0.16 0.16
0.287 0.367 0.494 0.567 0.726 0.726 0.726 0.726 0.726 0.726 0.726 0.726 0.726 0.726 0.726 0.726 0.726
0.726 0.726 0.726 0.726 0.726 0.726 0.726 0.726 0.726 0.726 0.726 0.726 0.726 0.726 0.726 0.726 0.726
0.726 0.726 0.726 0.726 0.131 0.309 0.309 0.309 0.309 0.309 0.309 0.309 0.309 0.309 0.309 0.309 0.309
0.4 0.557 0.629 1.695 1.695 1.695 1.695 1.695 1.695 1.695 1.695 1.695 1.695 1.695 1.695 1.695 1.695
1.695 1.695 1.695 1.695 1.695 1.695 1.695 1.695 1.695 1.695 1.695 1.695 1.695 1.695 1.695 1.695 1.695
1.695 1.695 1.695 0.185 0.321 0.444 0.444 0.444 0.444 0.444 0.444 0.444 0.444 0.444 0.444 0.444 0.444
0.561 0.667 0.752 0.752 0.752 0.752 0.752 0.752 0.752 0.752 0.752 0.752 0.752 0.752 0.752 0.752 0.752
0.752 0.752 0.752 0.752 0.752 0.752 0.752 0.752 0.752 0.752 0.752 0.752 0.752 0.752 0.752 0.752 0.752
0.752 0.752 0.145 0.36 0.419 0.567 0.567 0.567 0.567 0.567 0.567 0.567 0.567 0.567 0.567 0.567 0.567
0.684 0.824 0.824 0.824 0.824 0.824 0.824 0.824 0.824 0.824 0.824 0.824 0.824 0.824 0.824 0.824 0.824
0.824 0.824 0.824 0.824 0.824 0.824 0.824 0.824 0.824 0.824 0.824 0.824 0.824 0.824 0.824 0.824 0.824
0.824 0.164 0.33 0.438 0.574 0.764 0.764 0.764 0.764 0.764 0.764 0.764 0.764 0.764 0.764 0.764 0.764
0.751 0.751 0.751 0.751 0.751 0.751 0.751 0.751 0.751 0.751 0.751 0.751 0.751 0.751 0.751 0.751 0.751
0.751 0.751 0.751 0.751 0.751 0.751 0.751 0.751 0.751 0.751 0.751 0.751 0.751 0.751 0.751 0.751 0.751
0.095 0.313 0.413 0.572 0.722 0.945 0.945 0.945 0.945 0.945 0.945 0.945 0.945 0.945 0.945 0.945 0.945
0.945 0.945 0.945 0.945 0.945 0.945 0.945 0.945 0.945 0.945 0.945 0.945 0.945 0.945 0.945 0.945 0.945
0.945 0.945 0.945 0.945 0.945 0.136 0.136 0.136 0.136 0.136 0.136 0.136 0.136 0.136 0.136 0.136 0.136
0.295 0.436 0.54 0.581 0.799 0.799 0.799 0.799 0.799 0.799 0.799 0.799 0.799 0.799 0.799 0.799 0.799
0.799 0.799 0.799 0.799 0.799 0.799 0.799 0.799 0.799 0.799 0.799 0.799 0.799 0.799 0.799 0.799 0.799
# WEIGHT AT AGE POINTERS
1 # fleet 1 catch
2 # fleet 1 discards (not used)
1 # total catch
2 # total discards (not used)
2 # SSB
2 # Jan 1
# Selectivity blocks (blocks within years)
# Fleet 1 Selectivity Block Assignment
1
1
1
1
1
1
1
1
1
1
1
1
1
1
1
1
1
1
1
1
1
1
1
1
1
1
1
1
1
1
1
1
1
1
1
1
1
1
1
1
1
1
1
1
1
1
1
1
1
1
1
1
1
1
1
1
1
1
1
1
1
1
1
1
1
1
1
1
1
1
1
1
1
1
1
1
1
1
1
1
1
1
1
1
1
1
1
1
1
1
# Selectivity options for each block
2
# Selectivity Block #1 Data
# init phase lambda cv
0.1 1 0 1
1 1 0 1
0.42 1 0 1
0.58 1 0 1
0.74 1 0 1
0.9 1 0 1
1 2 0 1
0.9 3 0 1
0.5 1 0 1
0.6 1 0 1
4 1 0 1
1.1 1 0 1
0.5 1 0 1
0.6 1 0 1
4 1 0 1
1.1 1 0 1
0.5 1 0 1
0.1 1 0 1
1 -1 0 1
0.42 1 0 1
0.58 1 0 1
0.74 1 0 1
0.9 1 0 1
# Selectivity start age by fleet
1
# Selectivity end age by fleet
17
# Age range for average F
5 6
# Average F report option
1
# Use likelihood constants?
0
# Release Mortality by fleet
0
# Catch Data
# Fleet-1 Catch Data
218 6824 6824 7810 3549 17088 1515 1515 1236 940 940 675 675 14062 191 191 458 137
938 170 170 2979 186 6607 89 89 42953 195 195 279 279 7969 252 252 365 153
1494 67 67 542 34 2782 5 5 55331 7 7 60 60 1389 19 19 152 4
186 101 101 285 32 343 31 31 1570 51 51 17 17 436 42 42 58 10
0 43 43 475 1 945 13 13 354 103 103 51 51 372 76 76 48 38
5790 6824 6824 3909 3549 8386 1515 1515 343 940 3436 675 675 2308 191 191 137 137
9873 170 170 1131 186 163 89 89 3658 195 22211 279 279 2229 252 252 153 153
3350 67 67 144 34 36 5 5 2943 7 17916 60 60 2065 19 19 4 4
625 101 101 60 32 4 31 31 950 51 1222 17 17 2145 42 42 10 10
499 43 43 35 1 3 13 13 311 103 619 51 51 320 76 76 38 38
12827 6824 6824 3549 3549 4159 1515 1515 471 940 5165 675 675 1568 191 8085 137 137
6731 170 170 186 186 35030 89 89 391 195 475 279 279 2019 252 4817 153 153
2451 67 67 34 34 30144 5 5 122 7 469 60 60 2776 19 2695 4 4
568 101 101 32 32 510 31 31 119 51 5 17 17 485 42 1403 10 10
1967 43 43 1 1 240 13 13 208 103 33 51 51 167 76 396 38 38
8656 6824 14549 3549 3549 1966 1515 1515 940 940 4938 675 675 264 191 195 137 137
3909 170 8021 186 186 14732 89 89 195 195 5947 279 279 1137 252 432 153 153
959 67 2652 34 34 5150 5 5 7 7 1725 60 60 305 19 13 4 4
429 101 735 32 32 1175 31 31 51 51 1279 17 17 95 42 18 10 10
553 43 1449 1 1 751 13 13 103 103 191 51 51 64 76 10 38 38
5674 6824 836 3549 3549 1178 1515 5732 940 940 5080 675 675 191 191 18813 137 137
523 170 35 186 186 1918 89 15764 195 195 20103 279 279 252 252 9847 153 153
173 67 5691 34 34 731 5 8349 7 7 5715 60 60 19 19 458 4 4
323 101 1 32 32 247 31 759 51 51 1210 17 17 42 42 1190 10 10
140 43 7 1 1 424 13 666 103 103 196 51 51 76 76 297 38 38
6824 6824 27413 3549 3549 1666 1515 202 940 940 527 675 5223 191 191 9052 137 137
170 170 6747 186 186 429 89 2446 195 195 8206 279 11225 252 252 3410 153 153
67 67 2165 34 34 78 5 238 7 7 11011 60 6430 19 19 467 4 4
101 101 354 32 32 32 31 18 51 51 439 17 1087 42 42 1454 10 10
43 43 392 1 1 35 13 297 103 103 173 51 346 76 76 747 38 38
6824 675 186 3410 7 101 1087 35 38 940 6747 252 5 4 439 1 76 202
170 279 34 467 51 43 346 1666 137 195 2165 19 31 10 173 3549 191 2446
67 60 32 1454 103 6824 5223 429 153 7 354 42 13 38 527 186 252 238
101 17 1 747 940 170 11225 78 4 51 392 76 1515 137 8206 34 19 18
43 51 3549 9052 195 67 6430 32 10 103 27413 191 89 153 11011 32 42 297
6824 5223 429 153 7 354 42 13 38 527 186 252 238 101 17 1 747 940
170 11225 78 4 51 392 76 1515 137 8206 34 19 18 43 51 3549 9052 195
67 6430 32 10 103 27413 191 89 153 11011 32 42 297 6824 675 186 3410 7
101 1087 35 38 940 6747 252 5 4 439 1 76 202 170 279 34 467 51
43 346 1666 137 195 2165 19 31 10 173 3549 191 2446 67 60 32 1454 103
27413 191 89 153 11011 32 42 297 6824 675 186 3410 7 101 1087 35 38 940
6747 252 5 4 439 1 76 202 170 279 34 467 51 43 346 1666 137 195
2165 19 31 10 173 3549 191 2446 67 60 32 1454 103 6824 5223 429 153 7
354 42 13 38 527 186 252 238 101 17 1 747 940 170 11225 78 4 51
392 76 1515 137 8206 34 19 18 43 51 3549 9052 195 67 6430 32 10 103
3549 191 2446 67 60 32 1454 103 6824 5223 429 153 7 354 42 13 38 527
186 252 238 101 17 1 747 940 170 11225 78 4 51 392 76 1515 137 8206
34 19 18 43 51 3549 9052 195 67 6430 32 10 103 27413 191 89 153 11011
32 42 297 6824 675 186 3410 7 101 1087 35 38 940 6747 252 5 4 439
1 76 202 170 279 34 467 51 43 346 1666 137 195 2165 19 31 10 173
3549 9052 195 67 6430 32 10 103 27413 191 89 153 11011 32 42 297 6824 675
186 3410 7 101 1087 35 38 940 6747 252 5 4 439 1 76 202 170 279
34 467 51 43 346 1666 137 195 2165 19 31 10 173 3549 191 2446 67 60
32 1454 103 6824 5223 429 153 7 354 42 13 38 527 186 252 238 101 17
1 747 940 170 11225 78 4 51 392 76 1515 137 8206 34 19 18 43 51
1666 137 195 2165 19 31 10 173 3549 191 2446 67 60 32 1454 103 6824 5223
429 153 7 354 42 13 38 527 186 252 238 101 17 1 747 940 170 11225
78 4 51 392 76 1515 137 8206 34 19 18 43 51 3549 9052 195 67 6430
32 10 103 27413 191 89 153 11011 32 42 297 6824 675 186 3410 7 101 1087
35 38 940 6747 252 5 4 439 1 76 202 170 279 34 467 51 43 346
1515 137 8206 34 19 18 43 51 3549 9052 195 67 6430 32 10 103 27413 191
89 153 11011 32 42 297 6824 675 186 3410 7 101 1087 35 38 940 6747 252
5 4 439 1 76 202 170 279 34 467 51 43 346 1666 137 195 2165 19
31 10 173 3549 191 2446 67 60 32 1454 103 6824 5223 429 153 7 354 42
13 38 527 186 252 238 101 17 1 747 940 170 11225 78 4 51 392 76
202 170 279 34 467 51 43 346 1666 137 195 2165 19 31 10 173 3549 191
2446 67 60 32 1454 103 6824 5223 429 153 7 354 42 13 38 527 186 252
238 101 17 1 747 940 170 11225 78 4 51 392 76 1515 137 8206 34 19
18 43 51 3549 9052 195 67 6430 32 10 103 27413 191 89 153 11011 32 42
297 6824 675 186 3410 7 101 1087 35 38 940 6747 252 5 4 439 1 76
940 170 11225 78 4 51 392 76 1515 137 8206 34 19 18 43 51 3549 9052
195 67 6430 32 10 103 27413 191 89 153 11011 32 42 297 6824 675 186 3410
7 101 1087 35 38 940 6747 252 5 4 439 1 76 202 170 279 34 467
51 43 346 1666 137 195 2165 19 31 10 173 3549 191 2446 67 60 32 1454
103 6824 5223 429 153 7 354 42 13 38 527 186 252 238 101 17 1 747
940 6747 252 5 4 439 1 76 202 170 279 34 467 51 43 346 1666 137
195 2165 19 31 10 173 3549 191 2446 67 60 32 1454 103 6824 5223 429 153
7 354 42 13 38 527 186 252 238 101 17 1 747 940 170 11225 78 4
51 392 76 1515 137 8206 34 19 18 43 51 3549 9052 195 67 6430 32 10
103 27413 191 89 153 11011 32 42 297 6824 675 186 3410 7 101 1087 35 38
527 186 252 238 101 17 1 747 940 170 11225 78 4 51 392 76 1515 137
8206 34 19 18 43 51 3549 9052 195 67 6430 32 10 103 27413 191 89 153
11011 32 42 297 6824 675 186 3410 7 101 1087 35 38 940 6747 252 5 4
439 1 76 202 170 279 34 467 51 43 346 1666 137 195 2165 19 31 10
173 3549 191 2446 67 60 32 1454 103 6824 5223 429 153 7 354 42 13 38
6824 6824 5807 3549 3549 1515 1515 6456 940 940 289 675 8353 191 191 1111 137 9883
170 170 7682 186 186 89 89 19105 195 195 887 279 2084 252 252 652 153 4620
67 67 575 34 34 5 5 2601 7 7 194 60 445 19 19 746 4 771
101 101 286 32 32 31 31 188 51 51 81 17 69 42 42 569 10 1397
43 43 1175 1 1 13 13 178 103 103 121 51 54 76 76 187 38 502
# Discards at age by fleet
# Fleet-1 Discards Data
0	0	0 0	0	0	0	0	0	0	0	0	0	0	0	0	0	0
0	0	0	0	0	0	0	0	0	0	0	0	0	0	0	0	0	0
0	0	0	0	0	0	0	0	0	0	0	0	0	0	0	0	0	0
0	0	0	0	0	0	0	0	0	0	0	0	0	0	0	0	0	0
0	0	0	0	0	0	0	0	0	0	0	0	0	0	0	0	0	0
0	0	0	0	0	0	0	0	0	0	0	0	0	0	0	0	0	0
0	0	0	0	0	0	0	0	0	0	0	0	0	0	0	0	0	0
0	0	0	0	0	0	0	0	0	0	0	0	0	0	0	0	0	0
0	0	0	0	0	0	0	0	0	0	0	0	0	0	0	0	0	0
0	0	0	0	0	0	0	0	0	0	0	0	0	0	0	0	0	0
0	0	0	0	0	0	0	0	0	0	0	0	0	0	0	0	0	0
0	0	0	0	0	0	0	0	0	0	0	0	0	0	0	0	0	0
0	0	0	0	0	0	0	0	0	0	0	0	0	0	0	0	0	0
0	0	0	0	0	0	0	0	0	0	0	0	0	0	0	0	0	0
0	0	0	0	0	0	0	0	0	0	0	0	0	0	0	0	0	0
0	0	0	0	0	0	0	0	0	0	0	0	0	0	0	0	0	0
0	0	0	0	0	0	0	0	0	0	0	0	0	0	0	0	0	0
0	0	0	0	0	0	0	0	0	0	0	0	0	0	0	0	0	0
0	0	0	0	0	0	0	0	0	0	0	0	0	0	0	0	0	0
0	0	0	0	0	0	0	0	0	0	0	0	0	0	0	0	0	0
0	0	0	0	0	0	0	0	0	0	0	0	0	0	0	0	0	0
0	0	0	0	0	0	0	0	0	0	0	0	0	0	0	0	0	0
0	0	0	0	0	0	0	0	0	0	0	0	0	0	0	0	0	0
0	0	0	0	0	0	0	0	0	0	0	0	0	0	0	0	0	0
0	0	0	0	0	0	0	0	0	0	0	0	0	0	0	0	0	0
0	0	0	0	0	0	0	0	0	0	0	0	0	0	0	0	0	0
0	0	0	0	0	0	0	0	0	0	0	0	0	0	0	0	0	0
0	0	0	0	0	0	0	0	0	0	0	0	0	0	0	0	0	0
0	0	0	0	0	0	0	0	0	0	0	0	0	0	0	0	0	0
0	0	0	0	0	0	0	0	0	0	0	0	0	0	0	0	0	0
0	0	0	0	0	0	0	0	0	0	0	0	0	0	0	0	0	0
0	0	0	0	0	0	0	0	0	0	0	0	0	0	0	0	0	0
0	0	0	0	0	0	0	0	0	0	0	0	0	0	0	0	0	0
0	0	0	0	0	0	0	0	0	0	0	0	0	0	0	0	0	0
0	0	0	0	0	0	0	0	0	0	0	0	0	0	0	0	0	0
0	0	0	0	0	0	0	0	0	0	0	0	0	0	0	0	0	0
0	0	0	0	0	0	0	0	0	0	0	0	0	0	0	0	0	0
0	0	0	0	0	0	0	0	0	0	0	0	0	0	0	0	0	0
0	0	0	0	0	0	0	0	0	0	0	0	0	0	0	0	0	0
0	0	0	0	0	0	0	0	0	0	0	0	0	0	0	0	0	0
0	0	0	0	0	0	0	0	0	0	0	0	0	0	0	0	0	0
0	0	0	0	0	0	0	0	0	0	0	0	0	0	0	0	0	0
0	0	0	0	0	0	0	0	0	0	0	0	0	0	0	0	0	0
0	0	0	0	0	0	0	0	0	0	0	0	0	0	0	0	0	0
0	0	0	0	0	0	0	0	0	0	0	0	0	0	0	0	0	0
0	0	0	0	0	0	0	0	0	0	0	0	0	0	0	0	0	0
0	0	0	0	0	0	0	0	0	0	0	0	0	0	0	0	0	0
0	0	0	0	0	0	0	0	0	0	0	0	0	0	0	0	0	0
0	0	0	0	0	0	0	0	0	0	0	0	0	0	0	0	0	0
0	0	0	0	0	0	0	0	0	0	0	0	0	0	0	0	0	0
0	0	0	0	0	0	0	0	0	0	0	0	0	0	0	0	0	0
0	0	0	0	0	0	0	0	0	0	0	0	0	0	0	0	0	0
0	0	0	0	0	0	0	0	0	0	0	0	0	0	0	0	0	0
0	0	0	0	0	0	0	0	0	0	0	0	0	0	0	0	0	0
0	0	0	0	0	0	0	0	0	0	0	0	0	0	0	0	0	0
0	0	0	0	0	0	0	0	0	0	0	0	0	0	0	0	0	0
0	0	0	0	0	0	0	0	0	0	0	0	0	0	0	0	0	0
0	0	0	0	0	0	0	0	0	0	0	0	0	0	0	0	0	0
0	0	0	0	0	0	0	0	0	0	0	0	0	0	0	0	0	0
0	0	0	0	0	0	0	0	0	0	0	0	0	0	0	0	0	0
0	0	0	0	0	0	0	0	0	0	0	0	0	0	0	0	0	0
0	0	0	0	0	0	0	0	0	0	0	0	0	0	0	0	0	0
0	0	0	0	0	0	0	0	0	0	0	0	0	0	0	0	0	0
0	0	0	0	0	0	0	0	0	0	0	0	0	0	0	0	0	0
0	0	0	0	0	0	0	0	0	0	0	0	0	0	0	0	0	0
0	0	0	0	0	0	0	0	0	0	0	0	0	0	0	0	0	0
0	0	0	0	0	0	0	0	0	0	0	0	0	0	0	0	0	0
0	0	0	0	0	0	0	0	0	0	0	0	0	0	0	0	0	0
0	0	0	0	0	0	0	0	0	0	0	0	0	0	0	0	0	0
0	0	0	0	0	0	0	0	0	0	0	0	0	0	0	0	0	0
0	0	0	0	0	0	0	0	0	0	0	0	0	0	0	0	0	0
0	0	0	0	0	0	0	0	0	0	0	0	0	0	0	0	0	0
0	0	0	0	0	0	0	0	0	0	0	0	0	0	0	0	0	0
0	0	0	0	0	0	0	0	0	0	0	0	0	0	0	0	0	0
0	0	0	0	0	0	0	0	0	0	0	0	0	0	0	0	0	0
0	0	0	0	0	0	0	0	0	0	0	0	0	0	0	0	0	0
0	0	0	0	0	0	0	0	0	0	0	0	0	0	0	0	0	0
0	0	0	0	0	0	0	0	0	0	0	0	0	0	0	0	0	0
0	0	0	0	0	0	0	0	0	0	0	0	0	0	0	0	0	0
0	0	0	0	0	0	0	0	0	0	0	0	0	0	0	0	0	0
0	0	0	0	0	0	0	0	0	0	0	0	0	0	0	0	0	0
0	0	0	0	0	0	0	0	0	0	0	0	0	0	0	0	0	0
0	0	0	0	0	0	0	0	0	0	0	0	0	0	0	0	0	0
0	0	0	0	0	0	0	0	0	0	0	0	0	0	0	0	0	0
0	0	0	0	0	0	0	0	0	0	0	0	0	0	0	0	0	0
0	0	0	0	0	0	0	0	0	0	0	0	0	0	0	0	0	0
0	0	0	0	0	0	0	0	0	0	0	0	0	0	0	0	0	0
0	0	0	0	0	0	0	0	0	0	0	0	0	0	0	0	0	0
0	0	0	0	0	0	0	0	0	0	0	0	0	0	0	0	0	0
0	0	0	0	0	0	0	0	0	0	0	0	0	0	0	0	0	0
# Release proportion at age by fleet
# Fleet-1 Release Data
0	0	0	0	0	0	0	0	0	0	0	0	0	0	0	0	0	0
0	0	0	0	0	0	0	0	0	0	0	0	0	0	0	0	0	0
0	0	0	0	0	0	0	0	0	0	0	0	0	0	0	0	0	0
0	0	0	0	0	0	0	0	0	0	0	0	0	0	0	0	0	0
0	0	0	0	0	0	0	0	0	0	0	0	0	0	0	0	0	0
0	0	0	0	0	0	0	0	0	0	0	0	0	0	0	0	0	0
0	0	0	0	0	0	0	0	0	0	0	0	0	0	0	0	0	0
0	0	0	0	0	0	0	0	0	0	0	0	0	0	0	0	0	0
0	0	0	0	0	0	0	0	0	0	0	0	0	0	0	0	0	0
0	0	0	0	0	0	0	0	0	0	0	0	0	0	0	0	0	0
0	0	0	0	0	0	0	0	0	0	0	0	0	0	0	0	0	0
0	0	0	0	0	0	0	0	0	0	0	0	0	0	0	0	0	0
0	0	0	0	0	0	0	0	0	0	0	0	0	0	0	0	0	0
0	0	0	0	0	0	0	0	0	0	0	0	0	0	0	0	0	0
0	0	0	0	0	0	0	0	0	0	0	0	0	0	0	0	0	0
0	0	0	0	0	0	0	0	0	0	0	0	0	0	0	0	0	0
0	0	0	0	0	0	0	0	0	0	0	0	0	0	0	0	0	0
0	0	0	0	0	0	0	0	0	0	0	0	0	0	0	0	0	0
0	0	0	0	0	0	0	0	0	0	0	0	0	0	0	0	0	0
0	0	0	0	0	0	0	0	0	0	0	0	0	0	0	0	0	0
0	0	0	0	0	0	0	0	0	0	0	0	0	0	0	0	0	0
0	0	0	0	0	0	0	0	0	0	0	0	0	0	0	0	0	0
0	0	0	0	0	0	0	0	0	0	0	0	0	0	0	0	0	0
0	0	0	0	0	0	0	0	0	0	0	0	0	0	0	0	0	0
0	0	0	0	0	0	0	0	0	0	0	0	0	0	0	0	0	0
0	0	0	0	0	0	0	0	0	0	0	0	0	0	0	0	0	0
0	0	0	0	0	0	0	0	0	0	0	0	0	0	0	0	0	0
0	0	0	0	0	0	0	0	0	0	0	0	0	0	0	0	0	0
0	0	0	0	0	0	0	0	0	0	0	0	0	0	0	0	0	0
0	0	0	0	0	0	0	0	0	0	0	0	0	0	0	0	0	0
0	0	0	0	0	0	0	0	0	0	0	0	0	0	0	0	0	0
0	0	0	0	0	0	0	0	0	0	0	0	0	0	0	0	0	0
0	0	0	0	0	0	0	0	0	0	0	0	0	0	0	0	0	0
0	0	0	0	0	0	0	0	0	0	0	0	0	0	0	0	0	0
0	0	0	0	0	0	0	0	0	0	0	0	0	0	0	0	0	0
0	0	0	0	0	0	0	0	0	0	0	0	0	0	0	0	0	0
0	0	0	0	0	0	0	0	0	0	0	0	0	0	0	0	0	0
0	0	0	0	0	0	0	0	0	0	0	0	0	0	0	0	0	0
0	0	0	0	0	0	0	0	0	0	0	0	0	0	0	0	0	0
0	0	0	0	0	0	0	0	0	0	0	0	0	0	0	0	0	0
0	0	0	0	0	0	0	0	0	0	0	0	0	0	0	0	0	0
0	0	0	0	0	0	0	0	0	0	0	0	0	0	0	0	0	0
0	0	0	0	0	0	0	0	0	0	0	0	0	0	0	0	0	0
0	0	0	0	0	0	0	0	0	0	0	0	0	0	0	0	0	0
0	0	0	0	0	0	0	0	0	0	0	0	0	0	0	0	0	0
0	0	0	0	0	0	0	0	0	0	0	0	0	0	0	0	0	0
0	0	0	0	0	0	0	0	0	0	0	0	0	0	0	0	0	0
0	0	0	0	0	0	0	0	0	0	0	0	0	0	0	0	0	0
0	0	0	0	0	0	0	0	0	0	0	0	0	0	0	0	0	0
0	0	0	0	0	0	0	0	0	0	0	0	0	0	0	0	0	0
0	0	0	0	0	0	0	0	0	0	0	0	0	0	0	0	0	0
0	0	0	0	0	0	0	0	0	0	0	0	0	0	0	0	0	0
0	0	0	0	0	0	0	0	0	0	0	0	0	0	0	0	0	0
0	0	0	0	0	0	0	0	0	0	0	0	0	0	0	0	0	0
0	0	0	0	0	0	0	0	0	0	0	0	0	0	0	0	0	0
0	0	0	0	0	0	0	0	0	0	0	0	0	0	0	0	0	0
0	0	0	0	0	0	0	0	0	0	0	0	0	0	0	0	0	0
0	0	0	0	0	0	0	0	0	0	0	0	0	0	0	0	0	0
0	0	0	0	0	0	0	0	0	0	0	0	0	0	0	0	0	0
0	0	0	0	0	0	0	0	0	0	0	0	0	0	0	0	0	0
0	0	0	0	0	0	0	0	0	0	0	0	0	0	0	0	0	0
0	0	0	0	0	0	0	0	0	0	0	0	0	0	0	0	0	0
0	0	0	0	0	0	0	0	0	0	0	0	0	0	0	0	0	0
0	0	0	0	0	0	0	0	0	0	0	0	0	0	0	0	0	0
0	0	0	0	0	0	0	0	0	0	0	0	0	0	0	0	0	0
0	0	0	0	0	0	0	0	0	0	0	0	0	0	0	0	0	0
0	0	0	0	0	0	0	0	0	0	0	0	0	0	0	0	0	0
0	0	0	0	0	0	0	0	0	0	0	0	0	0	0	0	0	0
0	0	0	0	0	0	0	0	0	0	0	0	0	0	0	0	0	0
0	0	0	0	0	0	0	0	0	0	0	0	0	0	0	0	0	0
0	0	0	0	0	0	0	0	0	0	0	0	0	0	0	0	0	0
0	0	0	0	0	0	0	0	0	0	0	0	0	0	0	0	0	0
0	0	0	0	0	0	0	0	0	0	0	0	0	0	0	0	0	0
0	0	0	0	0	0	0	0	0	0	0	0	0	0	0	0	0	0
0	0	0	0	0	0	0	0	0	0	0	0	0	0	0	0	0	0
0	0	0	0	0	0	0	0	0	0	0	0	0	0	0	0	0	0
0	0	0	0	0	0	0	0	0	0	0	0	0	0	0	0	0	0
0	0	0	0	0	0	0	0	0	0	0	0	0	0	0	0	0	0
0	0	0	0	0	0	0	0	0	0	0	0	0	0	0	0	0	0
0	0	0	0	0	0	0	0	0	0	0	0	0	0	0	0	0	0
0	0	0	0	0	0	0	0	0	0	0	0	0	0	0	0	0	0
0	0	0	0	0	0	0	0	0	0	0	0	0	0	0	0	0	0
0	0	0	0	0	0	0	0	0	0	0	0	0	0	0	0	0	0
0	0	0	0	0	0	0	0	0	0	0	0	0	0	0	0	0	0
0	0	0	0	0	0	0	0	0	0	0	0	0	0	0	0	0	0
0	0	0	0	0	0	0	0	0	0	0	0	0	0	0	0	0	0
0	0	0	0	0	0	0	0	0	0	0	0	0	0	0	0	0	0
0	0	0	0	0	0	0	0	0	0	0	0	0	0	0	0	0	0
0	0	0	0	0	0	0	0	0	0	0	0	0	0	0	0	0	0
0	0	0	0	0	0	0	0	0	0	0	0	0	0	0	0	0	0
# Survey Index Data
# Index units
2
# Index Age comp. units
2
# Index WAA matrix
1
# Index month
7
# Index link to fleet?
-1
# Index selectivity option
2
# Index start age
1
# Index end age
17
# Index Estimate Proportion (YES=1)
1
# Use Index
1
# Index-1 Selectivity Data
0.1 1 0 1
0.26 1 0 1
1 -1 0 1
0.58 1 0 1
0.74 1 0 1
0.9 1 0 1
1.5 2 0 1
0.9 3 0 1
0.75 1 0 1
0.6 1 0 1
4 1 0 1
1.1 1 0 1
0.1 1 0 1
0.26 1 0 1
1 -1 0 1
0.58 1 0 1
0.74 1 0 1
0.9 1 0 1
1.5 2 0 1
0.9 3 0 1
0.75 1 0 1
0.6 1 0 1
0.6 1 0 1
# Index data matrices (n.ind.avail.*nyears)
# Index   evOsmose
2010 14387 0.077 0.041 0.0269 0.0197 0.0126 0.0204 0.0117 0.0136 0.0064 0.0051 0.0044 0.002 8e-04 6e-04 8e-04 3e-04 5e-04 1e-04 50
2011 -999 -999 -999 -999 -999 -999 -999 -999 -999 -999 -999 -999 -999 -999 -999 -999 -999 -999 -999 50
2012 13368 0.078 0.0385 0.0218 0.0176 0.0148 0.0195 0.0155 0.0099 0.0032 0.0041 0.0046 0.0028 8e-04 5e-04 0.001 9e-04 6e-04 0 50
2013 -999 -999 -999 -999 -999 -999 -999 -999 -999 -999 -999 -999 -999 -999 -999 -999 -999 -999 -999 50
2014 13209 0.075 0.0334 0.0254 0.0155 0.0128 0.0139 0.014 0.0078 0.0055 0.0043 0.0024 0.002 0.0016 4e-04 3e-04 4e-04 1e-04 0 50
2015 -999 -999 -999 -999 -999 -999 -999 -999 -999 -999 -999 -999 -999 -999 -999 -999 -999 -999 -999 50
2016 12814 0.076 0.042 0.0297 0.0163 0.0117 0.0221 0.0106 0.0112 0.0084 0.0036 0.0027 0.0016 3e-04 0.001 7e-04 1e-04 2e-04 5e-04 50
2017 -999 -999 -999 -999 -999 -999 -999 -999 -999 -999 -999 -999 -999 -999 -999 -999 -999 -999 -999 50
2018 14083 0.072 0.0409 0.0192 0.0193 0.015 0.0151 0.0139 0.0104 0.0056 0.0035 0.0041 0.0016 0.0016 7e-04 1e-04 2e-04 2e-04 0 50
2019 -999 -999 -999 -999 -999 -999 -999 -999 -999 -999 -999 -999 -999 -999 -999 -999 -999 -999 -999 50
2020 10765 0.077 0.0354 0.0267 0.0196 0.0091 0.0194 0.015 0.0095 0.0092 0.0069 0.0026 0.0033 0.0014 4e-04 0.0012 0 6e-04 5e-04 50
2021 -999 -999 -999 -999 -999 -999 -999 -999 -999 -999 -999 -999 -999 -999 -999 -999 -999 -999 -999 50
2022 11159 0.081 0.0367 0.027 0.0166 0.0126 0.0221 0.0139 0.0091 0.0066 0.0023 0.0034 0.0039 7e-04 0.0014 0.0012 8e-04 7e-04 0 50
2023 -999 -999 -999 -999 -999 -999 -999 -999 -999 -999 -999 -999 -999 -999 -999 -999 -999 -999 -999 50
2024 15357 0.078 0.0415 0.0263 0.0169 0.0103 0.0179 0.0142 0.0106 0.0054 0.0063 0.003 0.0014 0.0024 8e-04 7e-04 1e-04 8e-04 1e-04 50
2025 -999 -999 -999 -999 -999 -999 -999 -999 -999 -999 -999 -999 -999 -999 -999 -999 -999 -999 -999 50
2026 14563 0.088 0.0395 0.0254 0.0171 0.0131 0.0184 0.0114 0.0084 0.006 0.0046 0.0029 0.0018 0.0017 4e-04 0.0011 2e-04 1e-04 0 50
2027 -999 -999 -999 -999 -999 -999 -999 -999 -999 -999 -999 -999 -999 -999 -999 -999 -999 -999 -999 50
2028 11881 0.076 0.0389 0.0277 0.0171 0.0106 0.0206 0.0116 0.0096 0.005 0.0041 0.003 0.0035 3e-04 6e-04 0.0012 2e-04 2e-04 6e-04 50
2029 -999 -999 -999 -999 -999 -999 -999 -999 -999 -999 -999 -999 -999 -999 -999 -999 -999 -999 -999 50
2030 12235 0.082 0.0325 0.0237 0.0189 0.0124 0.0153 0.0149 0.0092 0.0068 0.0054 0.0029 0.0018 0.0014 0.0015 4e-04 2e-04 1e-04 0.001 50
2031 -999 -999 -999 -999 -999 -999 -999 -999 -999 -999 -999 -999 -999 -999 -999 -999 -999 -999 -999 50
2032 14284 0.084 0.0384 0.0271 0.0162 0.0117 0.0186 0.0177 0.0104 0.0091 0.0049 0.0035 0.0021 6e-04 9e-04 2e-04 1e-04 0 0 50
2033 -999 -999 -999 -999 -999 -999 -999 -999 -999 -999 -999 -999 -999 -999 -999 -999 -999 -999 -999 50
2034 13699 0.079 0.0385 0.0247 0.0218 0.0106 0.0194 0.0121 0.0068 0.0065 0.0064 0.0049 0.0019 0.0018 0.0012 9e-04 7e-04 0.0013 7e-04 50
2035 -999 -999 -999 -999 -999 -999 -999 -999 -999 -999 -999 -999 -999 -999 -999 -999 -999 -999 -999 50
2036 12643 0.074 0.0372 0.0244 0.0165 0.0098 0.0256 0.0115 0.0103 0.0057 0.004 0.0042 0.0016 0.0014 9e-04 0.0014 2e-04 4e-04 3e-04 50
2037 -999 -999 -999 -999 -999 -999 -999 -999 -999 -999 -999 -999 -999 -999 -999 -999 -999 -999 -999 50
2038 12404 0.074 0.033 0.0293 0.0197 0.0108 0.016 0.0148 0.0144 0.0052 0.0037 0.0043 0.0032 0.0017 6e-04 0.001 2e-04 2e-04 4e-04 50
2039 -999 -999 -999 -999 -999 -999 -999 -999 -999 -999 -999 -999 -999 -999 -999 -999 -999 -999 -999 50
2040 15491 0.076 0.0413 0.0237 0.0192 0.0132 0.0186 0.0091 0.0079 0.0086 0.0055 0.0036 0.0016 4e-04 0.0021 4e-04 0 1e-04 0 50
2041 -999 -999 -999 -999 -999 -999 -999 -999 -999 -999 -999 -999 -999 -999 -999 -999 -999 -999 -999 50
2042 13512 0.081 0.0372 0.0256 0.0147 0.0139 0.0202 0.0189 0.012 0.0082 0.0034 0.0043 0.002 0.0011 9e-04 6e-04 2e-04 3e-04 1e-04 50
2043 -999 -999 -999 -999 -999 -999 -999 -999 -999 -999 -999 -999 -999 -999 -999 -999 -999 -999 -999 50
2044 12908 0.072 0.0381 0.0228 0.0179 0.0079 0.017 0.0144 0.012 0.006 0.0039 0.0027 0.002 0.0018 0.0017 7e-04 4e-04 2e-04 7e-04 50
2045 -999 -999 -999 -999 -999 -999 -999 -999 -999 -999 -999 -999 -999 -999 -999 -999 -999 -999 -999 50
2046 13563 0.078 0.0414 0.0272 0.0189 0.0154 0.0208 0.0138 0.0108 0.0084 0.0044 0.0039 0.0038 6e-04 7e-04 7e-04 2e-04 5e-04 1e-04 50
2047 -999 -999 -999 -999 -999 -999 -999 -999 -999 -999 -999 -999 -999 -999 -999 -999 -999 -999 -999 50
2048 12339 0.077 0.0363 0.0278 0.0181 0.0127 0.0177 0.0137 0.0086 0.0061 0.0052 0.0029 9e-04 0.0012 0.0016 0.001 4e-04 0 6e-04 50
2049 -999 -999 -999 -999 -999 -999 -999 -999 -999 -999 -999 -999 -999 -999 -999 -999 -999 -999 -999 50
2050 11635 0.078 0.033 0.0295 0.017 0.0132 0.0163 0.0128 0.0089 0.0058 0.0058 0.0032 0.0016 0.0011 0.0015 0.0018 3e-04 6e-04 0 50
2051 -999 -999 -999 -999 -999 -999 -999 -999 -999 -999 -999 -999 -999 -999 -999 -999 -999 -999 -999 50
2052 14910 0.081 0.042 0.0274 0.0145 0.0116 0.018 0.0139 0.0079 0.009 0.0048 0.004 0.002 6e-04 0.0013 6e-04 0 7e-04 2e-04 50
2053 -999 -999 -999 -999 -999 -999 -999 -999 -999 -999 -999 -999 -999 -999 -999 -999 -999 -999 -999 50
2054 14890 0.08 0.0407 0.0255 0.0176 0.0106 0.0222 0.0192 0.0115 0.0096 0.0044 0.0026 0.0012 0.0011 7e-04 4e-04 3e-04 1e-04 0 50
2055 -999 -999 -999 -999 -999 -999 -999 -999 -999 -999 -999 -999 -999 -999 -999 -999 -999 -999 -999 50
2056 12332 0.076 0.0345 0.0244 0.0181 0.0132 0.0184 0.0145 0.0073 0.0066 0.0063 0.0045 0.0018 0.0015 7e-04 7e-04 3e-04 1e-04 0 50
2057 -999 -999 -999 -999 -999 -999 -999 -999 -999 -999 -999 -999 -999 -999 -999 -999 -999 -999 -999 50
2058 13320 0.084 0.0385 0.0263 0.0133 0.0149 0.0186 0.0201 0.0109 0.006 0.0033 0.0028 0.0015 0.0018 0.0012 5e-04 1e-04 9e-04 1e-04 50
2059 -999 -999 -999 -999 -999 -999 -999 -999 -999 -999 -999 -999 -999 -999 -999 -999 -999 -999 -999 50
2060 13200 0.07 0.0425 0.0269 0.0161 0.0115 0.0164 0.0083 0.0117 0.0096 0.0065 0.0036 0.0021 0.0013 9e-04 0.001 7e-04 0.0011 3e-04 50
2061 -999 -999 -999 -999 -999 -999 -999 -999 -999 -999 -999 -999 -999 -999 -999 -999 -999 -999 -999 50
2062 13551 0.072 0.0425 0.0242 0.0211 0.011 0.0202 0.0134 0.0065 0.0049 0.0048 0.0044 0.0019 7e-04 0.0012 8e-04 0.0012 7e-04 0 50
2063 -999 -999 -999 -999 -999 -999 -999 -999 -999 -999 -999 -999 -999 -999 -999 -999 -999 -999 -999 50
2064 13231 0.085 0.0406 0.029 0.0151 0.0111 0.0218 0.0138 0.0085 0.009 0.005 0.0026 0.002 0.0014 9e-04 2e-04 0.0011 4e-04 5e-04 50
2065 -999 -999 -999 -999 -999 -999 -999 -999 -999 -999 -999 -999 -999 -999 -999 -999 -999 -999 -999 50
2066 14711 0.093 0.0363 0.0232 0.0189 0.0143 0.0214 0.0095 0.0132 0.0077 0.0056 0.0031 6e-04 8e-04 0.003 5e-04 0.0012 9e-04 1e-04 50
2067 -999 -999 -999 -999 -999 -999 -999 -999 -999 -999 -999 -999 -999 -999 -999 -999 -999 -999 -999 50
2068 12429 0.076 0.0323 0.0322 0.0231 0.0115 0.0182 0.0139 0.0098 0.0053 0.0053 0.0026 0.0022 0.0015 9e-04 0.001 1e-04 0 1e-04 50
2069 -999 -999 -999 -999 -999 -999 -999 -999 -999 -999 -999 -999 -999 -999 -999 -999 -999 -999 -999 50
2070 15621 0.081 0.041 0.0234 0.0141 0.0161 0.0221 0.0151 0.0106 0.0087 0.0054 0.0025 0.0016 0.0013 2e-04 7e-04 2e-04 0 4e-04 50
2071 -999 -999 -999 -999 -999 -999 -999 -999 -999 -999 -999 -999 -999 -999 -999 -999 -999 -999 -999 50
2072 18256 0.072 0.0488 0.027 0.0158 0.0107 0.0177 0.0121 0.0103 0.0057 0.0036 0.0024 0.0012 0.001 0.0013 7e-04 2e-04 0 5e-04 50
2073 -999 -999 -999 -999 -999 -999 -999 -999 -999 -999 -999 -999 -999 -999 -999 -999 -999 -999 -999 50
2074 12927 0.079 0.0369 0.0272 0.0198 0.0112 0.0171 0.0139 0.0081 0.0073 0.0037 0.0045 0.0022 0.001 8e-04 2e-04 5e-04 1e-04 0 50
2075 -999 -999 -999 -999 -999 -999 -999 -999 -999 -999 -999 -999 -999 -999 -999 -999 -999 -999 -999 50
2076 16873 0.086 0.0421 0.03 0.0111 0.0088 0.0195 0.015 0.0088 0.0086 0.0054 0.0033 0.0027 9e-04 0.0017 0.0021 1e-04 4e-04 1e-04 50
2077 -999 -999 -999 -999 -999 -999 -999 -999 -999 -999 -999 -999 -999 -999 -999 -999 -999 -999 -999 50
2078 16353 0.076 0.0383 0.0269 0.0163 0.0139 0.0159 0.0095 0.0103 0.0099 0.0049 0.0046 0.0021 0.0031 0.001 7e-04 7e-04 1e-04 1e-04 50
2079 -999 -999 -999 -999 -999 -999 -999 -999 -999 -999 -999 -999 -999 -999 -999 -999 -999 -999 -999 50
2080 16933 0.084 0.0414 0.0233 0.0176 0.0109 0.0184 0.0177 0.0075 0.0065 0.0043 0.0036 0.0014 0.0011 0.0012 8e-04 7e-04 0 1e-04 50
2081 -999 -999 -999 -999 -999 -999 -999 -999 -999 -999 -999 -999 -999 -999 -999 -999 -999 -999 -999 50
2082 14803 0.074 0.0455 0.0315 0.0216 0.0087 0.0185 0.0142 0.0098 0.0091 0.0047 0.0021 9e-04 0.001 5e-04 6e-04 6e-04 1e-04 0 50
2083 -999 -999 -999 -999 -999 -999 -999 -999 -999 -999 -999 -999 -999 -999 -999 -999 -999 -999 -999 50
2084 13523 0.074 0.0426 0.0234 0.0243 0.0138 0.0237 0.011 0.0053 0.0046 0.0049 0.0046 0.0017 3e-04 1e-04 4e-04 4e-04 8e-04 1e-04 50
2085 -999 -999 -999 -999 -999 -999 -999 -999 -999 -999 -999 -999 -999 -999 -999 -999 -999 -999 -999 50
2086 18489 0.077 0.0396 0.0233 0.0151 0.0091 0.0187 0.0124 0.0096 0.0085 0.0041 0.0017 0.0025 0.0014 5e-04 7e-04 3e-04 3e-04 0 50
2087 -999 -999 -999 -999 -999 -999 -999 -999 -999 -999 -999 -999 -999 -999 -999 -999 -999 -999 -999 50
2088 16293 0.075 0.0436 0.0261 0.0145 0.0099 0.0157 0.0138 0.0123 0.0065 0.007 0.0015 0.0022 0.0015 3e-04 0.0014 1e-04 0 5e-04 50
2089 -999 -999 -999 -999 -999 -999 -999 -999 -999 -999 -999 -999 -999 -999 -999 -999 -999 -999 -999 50
2090 16963 0.071 0.0434 0.0279 0.0167 0.0139 0.0231 0.0104 0.0067 0.0033 0.005 0.0046 0.0031 0.001 9e-04 8e-04 1e-04 6e-04 0 50
2091 -999 -999 -999 -999 -999 -999 -999 -999 -999 -999 -999 -999 -999 -999 -999 -999 -999 -999 -999 50
2092 18362 0.069 0.042 0.0256 0.0148 0.0105 0.0177 0.0108 0.0104 0.0046 0.0047 0.0027 8e-04 0.0011 0.0025 3e-04 2e-04 4e-04 0 50
2093 -999 -999 -999 -999 -999 -999 -999 -999 -999 -999 -999 -999 -999 -999 -999 -999 -999 -999 -999 50
2094 14000 0.071 0.0399 0.0238 0.0197 0.0116 0.0202 0.0085 0.0121 0.0053 0.003 0.002 0.0011 0.0016 4e-04 7e-04 8e-04 1e-04 1e-04 50
2095 -999 -999 -999 -999 -999 -999 -999 -999 -999 -999 -999 -999 -999 -999 -999 -999 -999 -999 -999 50
2096 16263 0.078 0.0389 0.0237 0.0189 0.0119 0.023 0.013 0.0101 0.0075 0.003 0.0023 0.0011 5e-04 7e-04 3e-04 0 5e-04 0 50
2097 -999 -999 -999 -999 -999 -999 -999 -999 -999 -999 -999 -999 -999 -999 -999 -999 -999 -999 -999 50
2098 16430 0.08 0.0401 0.0305 0.0169 0.0109 0.0169 0.0124 0.0103 0.0079 0.0052 0.0028 6e-04 5e-04 6e-04 0.0011 1e-04 5e-04 0 50
2099 -999 -999 0.0399 0.0306 0.0171 0.011 0.0169 0.0125 0.0103 0.0079 0.0051 0.0028 6e-04 6e-04 6e-04 0.0011 1e-04 5e-04 0 50
#########################################
# Phase data
# Phase for Fmult in 1st year
1
# Phase for Fmult deviations
3
# Phase for recruitment deviations
3
# Phase for N in 1st year
2
# Phase for catchability in 1st year
-1
# Phase for catchability deviations
-1
# Phase for stock recruit relationship
1
# Phase for steepness
-2
#########################################
# Lambdas and CVs
# Recruitment CV by year
0.5
0.5
0.5
0.5
0.5
0.5
0.5
0.5
0.5
0.5
0.5
0.5
0.5
0.5
0.5
0.5
0.5
0.5
0.5
0.5
0.5
0.5
0.5
0.5
0.5
0.5
0.5
0.5
0.5
0.5
0.5
0.5
0.5
0.5
0.5
0.5
0.5
0.5
0.5
0.5
0.5
0.5
0.5
0.5
0.5
0.5
0.5
0.5
0.5
0.5
0.5
0.5
0.5
0.5
0.5
0.5
0.5
0.5
0.5
0.5
0.5
0.5
0.5
0.5
0.5
0.5
0.5
0.5
0.5
0.5
0.5
0.5
0.5
0.5
0.5
0.5
0.5
0.5
0.5
0.5
0.5
0.5
0.5
0.5
0.5
0.5
0.5
0.5
0.5
0.5
# Lambda for each index
1
# Lambda for Total catch in weight by fleet
1
# Lambda for total discards at age by fleet
0
# Catch Total CV by year and fleet
0.05
0.05
0.05
0.05
0.05
0.05
0.05
0.05
0.05
0.05
0.05
0.05
0.05
0.05
0.05
0.05
0.05
0.05
0.05
0.05
0.05
0.05
0.05
0.05
0.05
0.05
0.05
0.05
0.05
0.05
0.05
0.05
0.05
0.05
0.05
0.05
0.05
0.05
0.05
0.05
0.05
0.05
0.05
0.05
0.05
0.05
0.05
0.05
0.05
0.05
0.05
0.05
0.05
0.05
0.05
0.05
0.05
0.05
0.05
0.05
0.05
0.05
0.05
0.05
0.05
0.05
0.05
0.05
0.05
0.05
0.05
0.05
0.05
0.05
0.05
0.05
0.05
0.05
0.05
0.05
0.05
0.05
0.05
0.05
0.05
0.05
0.05
0.05
0.05
0.05
# Discard total CV by year and fleet
0
0
0
0
0
0
0
0
0
0
0
0
0
0
0
0
0
0
0
0
0
0
0
0
0
0
0
0
0
0
0
0
0
0
0
0
0
0
0
0
0
0
0
0
0
0
0
0
0
0
0
0
0
0
0
0
0
0
0
0
0
0
0
0
0
0
0
0
0
0
0
0
0
0
0
0
0
0
0
0
0
0
0
0
0
0
0
0
0
0
# Input effective sample size for catch at age by year and fleet
100
100
100
100
100
100
100
100
100
100
100
100
100
100
100
100
100
100
100
100
100
100
100
100
100
100
100
100
100
100
100
100
100
100
100
100
100
100
100
100
100
100
100
100
100
100
100
100
100
100
100
100
100
100
100
100
100
100
100
100
100
100
100
100
100
100
100
100
100
100
100
100
100
100
100
100
100
100
100
100
100
100
100
100
100
100
100
100
100
100
# Input effective sample size for discards at age by year and fleet
0
0
0
0
0
0
0
0
0
0
0
0
0
0
0
0
0
0
0
0
0
0
0
0
0
0
0
0
0
0
0
0
0
0
0
0
0
0
0
0
0
0
0
0
0
0
0
0
0
0
0
0
0
0
0
0
0
0
0
0
0
0
0
0
0
0
0
0
0
0
0
0
0
0
0
0
0
0
0
0
0
0
0
0
0
0
0
0
0
0
# Lambda for Fmult in first year by fleet
0
# CV for Fmult in first year by fleet
1
# Lambda for Fmult deviations
0
# CV for Fmult deviations
1
# Lambda for N in 1st year deviations
0
# CV for N in 1st year deviations
1
# Lambda for recruitment deviations
1
# Lambda for catchability in first year by index
0
# CV for catchability in first year by index
1
# Lambda for catchability deviations by index
0
# CV for catchability deviations by index
1
# Lambda for deviation from initial steepness
0
# CV for deviation from initial steepness
1
# Lambda for deviation from initial SSB0
0
# CV for deviation from initial SSB0
1
# NAA Deviations flag (1=   , 0=  )
1
###########################################
###  Initial Guesses
# NAA for year1
110372.274 90365.175 73984.748 60573.588 49593.460 40603.691 33243.490 27217.468 22283.778 18244.414 14937.263 12229.597 10012.747 8197.744 6711.745 5495.112 4499.017
# Fmult in 1st year by fleet
0.24
# Catchability in 1st year by index
1
# S-R Unexploited specification (1=   0=)
1
# Unexploited initial guess
1e+07
# Steepness initial guess
1
# Maximum F (upper bound on Fmult)
5
# Ignore guesses
0
###########################################
###  Projection Control data
# Do projections
0
# Fleet directed flag
1
# Final year of projections
2018
# Year, projected recruits, what projected, target, non-directed Fmult
2017 -1 1 150 0
2018 -1 3 -99 0
###########################################
###  MCMC Control data
# do mcmc
0
# MCMC nyear option
0
# MCMC number of saved iterations desired
1000
# MCMC thinning rate
200
# MCMC random number seed
5230547
###########################################
###  A few AGEPRO specs
# R in agepro.bsn file
0
# Starting year for calculation of R
2004
# Ending year for calculation of R
2014
# Export to R flag (1=  0=)
1
# test value
-23456
###########################################
###### FINIS ######
# Fleet Names
fleet1
# Survey Names
evOsmose
